# depth_nm	scan	16O-	18O-	Si-	WO3-	f18 = 18O-/(16O-+18O-)	O_over_W = (16O-+18O-)/WO3-	16O-_over_WO3-
0	0	584.623	1.00003	25.0191	6.0011	0.00170764	97.586	97.4193
0.643958	1	2099.74	1.00003	144.654	0	0.000476036	0	0
1.28792	2	2593.13	4.00049	930.422	0	0.00154035	0	0
1.93187	3	2091.09	5.00076	1728.56	0	0.00238576	0	0
2.57583	4	1458.39	5.00076	2315.53	0	0.00341725	0	0
3.21979	5	1017.36	4.00049	2522.6	0	0.00391681	0	0
3.86375	6	800.527	2.00012	2665.42	0	0.00249228	0	0
4.5077	7	649.916	5.00107	2705.33	0	0.00763619	0	0
5.15166	8	501.756	0	2802.19	0	0	0	0
5.79562	9	444.126	6.0011	2731.26	0	0.013332	0	0
6.43958	10	348.727	1.00003	2844.83	0	0.00285946	0	0
7.08353	11	336.493	1.00003	2779.51	0	0.00296312	0	0
7.72749	12	304.856	2.00012	2757.44	0	0.00651812	0	0
8.37145	13	281.507	1.00003	2720.53	0	0.00353985	0	0
9.01541	14	245.835	1.00003	2674.15	0	0.00405141	0	0
9.65936	15	269.233	2.00012	2786.93	0	0.00737419	0	0
10.3033	16	225.545	1.00003	2779.33	0	0.00441426	0	0
10.9473	17	260.133	0	2676.43	0	0	0	0
11.5912	18	208.357	1.00003	2674.22	0	0.00477667	0	0
12.2352	19	242.835	0	2675.21	0	0	0	0
12.8792	20	234.73	0	2751.85	0	0	0	0
13.5231	21	207.306	0	2768.38	0	0	0	0
14.1671	22	190.122	0	2629.15	0	0	0	0
14.811	23	214.449	0	2730.81	0	0	0	0
15.455	24	208.344	0	2844.73	0	0	0	0
16.0989	25	213.384	0	2692.55	0	0	0	0
16.7429	26	246.926	1.00003	2674.21	0	0.00403358	0	0
17.3869	27	206.319	3.00027	2806.33	0	0.0143335	0	0
18.0308	28	206.331	1.00003	2841.91	0	0.00482334	0	0
18.6748	29	220.504	1.00003	2624.31	0	0.00451473	0	0
19.3187	30	220.517	0	2636.51	1.00003	0	220.511	220.511
19.9627	31	241.805	1.00003	2706.54	1.00003	0.00411866	242.798	241.798
20.6066	32	202.256	0	2631.45	0	0	0	0
21.2506	33	223.518	0	2747.22	0	0	0	0
21.8946	34	190.122	2.00012	2740.2	0	0.0104107	0	0
22.5385	35	219.49	0	2775.39	0	0	0	0
23.1825	36	210.37	0	2655.82	0	0	0	0
23.8264	37	249.942	0	2732.68	0	0	0	0
24.4704	38	199.255	0	2712.99	0	0	0	0
25.1143	39	217.45	0	2757.15	0	0	0	0
25.7583	40	216.476	0	2559.04	1.00003	0	216.47	216.47
26.4023	41	250.973	0	2142.02	3.00027	0	83.6501	83.6501
27.0462	42	349.749	2.00012	1603.46	4.00049	0.00568622	87.9265	87.4265
27.6902	43	746.949	5.00076	1107.17	21.0135	0.00665039	35.7842	35.5462
28.3341	44	1871.52	7.0015	927.244	60.125	0.00372713	31.2436	31.1272
28.9781	45	4186.96	21.0135	862.353	283.542	0.00499373	14.8407	14.7666
29.6221	46	7233.64	30.0275	590.625	1227.56	0.00413393	5.91717	5.89271
30.3287	47	9319.17	36.0396	309.951	3474.23	0.00385236	2.69274	2.68237
31.1245	48	10143.6	57.1029	117.434	6498.73	0.00559792	1.56965	1.56086
31.9204	49	9233.55	46.0675	72.1587	8717.19	0.00496437	1.06452	1.05924
32.7162	50	7844.82	40.0514	32.0332	9528.63	0.00507952	0.827493	0.82329
33.512	51	6464.95	43.0565	15.0069	8822.98	0.00661593	0.73762	0.73274
34.3078	52	5140.39	31.0313	8.00195	7744.63	0.00600053	0.667742	0.663736
35.1036	53	4345.83	26.0207	6.0011	6762.25	0.00595186	0.646508	0.64266
35.8994	54	3981.26	31.0294	5.00076	6047.56	0.00773359	0.663456	0.658325
36.6952	55	3765.03	26.0222	2.00012	5874.69	0.00686412	0.645319	0.64089
37.491	56	3604.99	19.0133	6.0011	5630.84	0.00524651	0.643599	0.640222
38.2868	57	3713.7	24.0176	0	5643.87	0.00642574	0.662261	0.658006
39.0826	58	3887.76	26.0207	1.00003	5507.75	0.00664847	0.710596	0.705871
39.8784	59	3885.42	28.024	2.00012	5609.4	0.00716097	0.697657	0.692661
40.6742	60	3946.58	37.0418	2.00012	5448.71	0.00929853	0.731113	0.724315
41.4701	61	3876.01	77.1862	2.00012	5415.75	0.019525	0.729945	0.715693
42.2659	62	3809.47	146.654	3.00027	5421.29	0.0370702	0.729738	0.702686
43.0617	63	3708.17	244.865	0	5338.27	0.0619436	0.740508	0.694638
43.8575	64	3741.59	451.211	0	5204.59	0.107616	0.805597	0.718902
44.6533	65	3526.11	625.801	0	4770.84	0.150726	0.870267	0.739095
45.4491	66	3453.55	689.53	0	4861.63	0.166429	0.852201	0.71037
46.2449	67	3318.65	778.628	0	4779.73	0.190035	0.85722	0.694317
47.0407	68	3373.32	900.458	0	4482.27	0.210693	0.953486	0.752593
47.8365	69	3292.02	902.798	0	4471.71	0.215218	0.938078	0.736187
48.6323	70	3162.75	937.778	0	4511.09	0.228697	0.908989	0.701106
49.4281	71	3070.07	957.859	0	4299.07	0.237805	0.93693	0.714124
50.224	72	3079.42	942.839	0	4288.31	0.234405	0.937958	0.718096
51.0198	73	3211.38	947.196	0	4311.16	0.227769	0.964608	0.7449
51.8156	74	3090.86	925.07	0	4288.1	0.23035	0.936528	0.720799
52.6114	75	3073.73	932.419	0	4331.94	0.232747	0.924794	0.709551
53.4072	76	3016.21	926.187	0	4275.58	0.23493	0.922075	0.705452
54.203	77	3077.35	931.189	0	4366.84	0.232301	0.917949	0.704709
54.9988	78	3094.24	980.087	0	4275.48	0.240552	0.952952	0.723718
55.7946	79	2959.61	937.837	0	4269.38	0.240629	0.912882	0.693216
56.5904	80	3229.48	894.343	1.00003	4394.76	0.216872	0.93835	0.734848
57.3862	81	3149.7	785.829	0	4402.87	0.199676	0.893855	0.715374
58.182	82	3193.29	733.391	0	4478.71	0.186771	0.876743	0.712992
58.9778	83	3459.33	580.259	0	4572.34	0.143643	0.883484	0.756578
59.7737	84	3545.15	491.354	0	4746.39	0.121728	0.850436	0.746914
60.5695	85	3564.62	369.195	0	5009.58	0.0938518	0.785258	0.711561
61.3653	86	3857.77	268.266	0	5274.29	0.0650177	0.782293	0.73143
62.1611	87	4004.35	170.888	0	5370.6	0.0409289	0.777425	0.745606
62.9569	88	3956.39	121.464	0	5304.32	0.0297862	0.768779	0.74588
63.7527	89	3825.96	67.1456	0	5218.24	0.0172473	0.746058	0.733191
64.5485	90	3911.9	67.1374	0	5249.39	0.0168727	0.758001	0.745211
65.3443	91	3951.84	42.0565	1.00003	5356.41	0.0105302	0.745629	0.737778
66.1401	92	3895.38	31.0313	0	5356.17	0.00790321	0.733063	0.727269
66.9359	93	3870.85	27.0223	0	5343.36	0.00693257	0.729479	0.724422
67.7317	94	3963.13	40.0489	0	5326.9	0.0100043	0.751503	0.743985
68.5275	95	4073.35	19.011	0	5188.44	0.00464549	0.788745	0.785081
69.3234	96	3904.74	20.0122	0	5146.67	0.00509897	0.762581	0.758693
70.1192	97	3890.36	18.0099	0	5245.72	0.00460803	0.745059	0.741626
70.915	98	3996.51	26.0222	0	5259.52	0.00646912	0.76481	0.759862
71.7108	99	4200.83	22.0148	0	5092.33	0.00521326	0.829255	0.824932
72.5066	100	4389	24.0176	0	4999.62	0.00544245	0.882669	0.877865
73.3024	101	4897.78	22.0148	5.00076	4418.48	0.00447473	1.11346	1.10848
74.0982	102	5402.88	22.0148	29.0257	3444.61	0.0040581	1.57489	1.5685
74.894	103	6083.13	28.024	81.2009	2643.25	0.00458571	2.31199	2.30138
75.6898	104	6415.81	28.024	154.766	1914.29	0.00434896	3.36618	3.35154
76.4856	105	6237.01	25.0206	353.88	1184.56	0.00399561	5.28639	5.26526
77.2814	106	5281.79	23.0162	560.687	699.367	0.00433874	7.58515	7.55224
78.0773	107	3717.69	16.0078	766.899	366.238	0.00428739	10.1947	10.151
78.8731	108	2497.94	11.0037	801.678	179.04	0.00438579	14.0133	13.9519
79.6689	109	1701.89	4.00049	856.19	100.319	0.00234511	17.0047	16.9648
80.4647	110	963.103	5.00076	905.969	47.0704	0.00516552	20.5671	20.4609
81.2605	111	565.829	3.00027	841.811	36.0452	0.00527447	15.781	15.6978
82.0563	112	373.403	2.00012	880.879	18.0099	0.00532793	20.8443	20.7332
82.8521	113	251.958	1.00003	951.557	17.0088	0.00395335	14.8722	14.8134
83.6479	114	159.816	0	1013.49	12.0047	0	13.3128	13.3128
84.4437	115	118.427	0	998.466	9.00302	0	13.1541	13.1541
85.2395	116	116.42	2.00012	1135.46	7.0015	0.0168901	16.9135	16.6278
86.0353	117	105.351	1.00003	1256.97	2.00012	0.00940313	53.1722	52.6722
86.8311	118	117.427	1.00003	1235.45	7.0015	0.00844428	16.9145	16.7717
87.627	119	92.2593	0	1198.57	8.00195	0	11.5296	11.5296
88.4228	120	74.1722	0	1336.72	1.00003	0	74.1699	74.1699
89.2186	121	84.2161	1.00003	1372.83	4.00049	0.0117352	21.3014	21.0514
90.0144	122	73.1631	1.00003	1430.69	5.00076	0.0134842	14.8304	14.6304
90.8102	123	86.2318	0	1557.24	4.00049	0	21.5553	21.5553
91.606	124	67.1415	0	1504.02	1.00003	0	67.1394	67.1394
92.4018	125	78.191	0	1559.16	1.00003	0	78.1887	78.1887
93.1976	126	68.1415	0	1600.73	3.00027	0	22.7118	22.7118
93.9934	127	81.2059	0	1595.32	2.00012	0	40.6005	40.6005
94.7892	128	57.1029	0	1620.02	4.00049	0	14.274	14.274
95.585	129	84.2161	0	1635.23	0	0	0	0
96.3808	130	47.0675	1.00003	1678.58	0	0.0208047	0	0
97.1767	131	54.0892	0	1697.21	0	0	0	0
97.9725	132	63.1214	1.00003	1675.47	2.00012	0.0155959	32.0588	31.5588
98.7683	133	65.1293	0	1659.32	1.00003	0	65.1273	65.1273
99.5641	134	73.1676	0	1720	2.00012	0	36.5816	36.5816
100.36	135	66.1333	0	1695.77	0	0	0	0
101.156	136	64.1292	1.00003	1804.49	0	0.0153545	0	0
