# depth_nm	scan	16O-	18O-	Si-	WO3-	f18 = 18O-/(16O-+18O-)	O_over_W = (16O-+18O-)/WO3-	16O-_over_WO3-
0	0	491.388	4.00049	22.0161	9.00302	0.00807546	55.0247	54.5803
0.64092	1	2100.93	3.00027	170.92	0	0.00142603	0	0
1.28184	2	2584.91	5.00076	906.311	0	0.00193086	0	0
1.92276	3	2055.15	4.00073	1762.44	0	0.00194291	0	0
2.56368	4	1497.44	3.00027	2222.42	1.00003	0.00199959	1500.4	1497.4
3.2046	5	1186.8	2.00012	2476.25	0	0.00168247	0	0
3.84552	6	908.312	1.00003	2499.1	0	0.00109977	0	0
4.48644	7	777.775	2.00012	2649.93	0	0.002565	0	0
5.12736	8	622.8	1.00003	2679.17	0	0.00160313	0	0
5.76828	9	540.93	0	2668.66	0	0	0	0
6.4092	10	446.154	1.00003	2677.28	0	0.00223643	0	0
7.05012	11	429.741	0	2694.07	0	0	0	0
7.69104	12	419.398	0	2767.53	0	0	0	0
8.33197	13	412.319	0	2779.62	0	0	0	0
8.97289	14	350.792	1.00003	2760.89	0	0.00284267	0	0
9.61381	15	367.172	4.00049	2629.81	0	0.010778	0	0
10.2547	16	347.727	1.00003	2819.66	0	0.00286766	0	0
10.8956	17	347.813	0	2769.24	0	0	0	0
11.5366	18	307.951	0	2743.84	0	0	0	0
12.1775	19	311.028	0	2690.64	0	0	0	0
12.8184	20	366.104	0	2708.38	0	0	0	0
13.4593	21	320.166	0	2692.69	0	0	0	0
14.1002	22	350.814	0	2780.7	0	0	0	0
14.7412	23	319.107	2.00012	2593.68	0	0.00622884	0	0
15.3821	24	339.577	0	2693.55	0	0	0	0
16.023	25	317.106	0	2745.03	0	0	0	0
16.6639	26	335.472	0	2787.37	0	0	0	0
17.3049	27	280.42	0	2715.46	0	0	0	0
17.9458	28	333.451	0	2695.06	1.00003	0	333.441	333.441
18.5867	29	297.688	0	2700.09	0	0	0	0
19.2276	30	297.761	1.00003	2592.34	0	0.00334725	0	0
19.8685	31	294.742	2.00012	2691.72	0	0.00674026	0	0
20.5095	32	292.651	0	2610.99	0	0	0	0
21.1504	33	297.688	0	2721.63	0	0	0	0
21.7913	34	280.403	2.00012	2607.26	0	0.00708251	0	0
22.4322	35	307.894	1.00003	2657.65	0	0.00323746	0	0
23.0731	36	306.931	1.00003	2737.11	1.00003	0.00324758	307.922	306.922
23.7141	37	299.743	1.00003	2765.45	0	0.0033252	0	0
24.355	38	314.028	1.00003	2626.05	0	0.00317441	0	0
24.9959	39	318.126	1.00003	2748.66	1.00003	0.00313365	319.117	318.117
25.6368	40	326.307	0	2531.59	2.00012	0	163.143	163.143
26.2777	41	328.388	2.00012	2310.67	3.00027	0.00605385	110.119	109.453
26.9187	42	397.888	1.00003	1715.21	7.0015	0.00250704	56.9719	56.8291
27.5596	43	703.258	2.00012	1195.41	22.0148	0.00283602	32.0356	31.9448
28.2005	44	1808.19	6.0011	1069.61	38.0441	0.00330786	47.6866	47.5288
28.8414	45	3825.17	11.0037	874.234	236.785	0.0028684	16.2011	16.1546
29.4823	46	6834.28	23.0162	616.568	1047.6	0.00335645	6.54572	6.52375
30.1541	47	9293.23	35.0374	357.902	3190.83	0.00375605	2.92346	2.91248
30.9556	48	9879.66	55.0925	165.836	6179.77	0.00554543	1.60762	1.59871
31.757	49	9403.38	68.1415	94.2707	8646.44	0.00719436	1.09542	1.08754
32.5585	50	8128.73	51.0795	41.0514	9437.07	0.00624459	0.866774	0.861362
33.3599	51	6617.06	36.0396	26.0207	8934.68	0.00541696	0.744638	0.740605
34.1614	52	5397.36	39.0489	24.0176	7757.86	0.00718285	0.700761	0.695728
34.9628	53	4486.89	22.0148	18.0099	6873.48	0.00488252	0.655985	0.652782
35.7642	54	3957.85	24.0191	22.0148	6384.47	0.00603211	0.623681	0.619919
36.5657	55	3955.57	28.024	9.00302	5750.93	0.00703484	0.692686	0.687813
37.3671	56	3870.39	15.0069	8.00195	5800.99	0.00386238	0.669782	0.667195
38.1686	57	3807.68	24.0191	5.00076	5563.12	0.00626851	0.688769	0.684451
38.97	58	3927.53	30.0275	5.00076	5646.01	0.00758738	0.700948	0.69563
39.7715	59	4016.76	39.0465	11.0037	5429.21	0.00962731	0.747035	0.739843
40.5729	60	4000.9	40.0538	6.0011	5551.5	0.00991198	0.727903	0.720688
41.3744	61	3873.97	59.1173	3.00027	5383.49	0.0150308	0.730582	0.719601
42.1758	62	3850.17	120.442	6.0011	5265.96	0.0303332	0.754016	0.731144
42.9773	63	3705.11	228.601	7.0015	5196.86	0.0581133	0.75694	0.712952
43.7787	64	3620.95	349.706	2.00012	5087.33	0.0880724	0.780499	0.711759
44.5801	65	3524.33	561.862	4.00049	4968.88	0.137503	0.822356	0.70928
45.3816	66	3511.16	671.871	7.0015	4794.2	0.160618	0.872519	0.732376
46.183	67	3511.17	782.778	3.00027	4609.32	0.182298	0.93158	0.761755
46.9845	68	3308.82	843.705	0	4565.19	0.203179	0.909606	0.724794
47.7859	69	3245.9	902.684	4.00049	4432.9	0.217588	0.935863	0.73223
48.5874	70	3183.76	968.348	0	4524.35	0.233218	0.917724	0.703694
49.3888	71	3075.76	902.194	3.00027	4348.91	0.226799	0.914701	0.707248
50.1903	72	3178.41	915.428	2.00012	4431.52	0.223611	0.9238	0.717228
50.9917	73	3066.68	940.074	4.00049	4312.26	0.234622	0.929155	0.711154
51.7931	74	3071.9	1011.98	0	4361.35	0.247799	0.936378	0.704345
52.5946	75	3123.93	962.163	5.00076	4181.02	0.235473	0.977294	0.747167
53.396	76	3123.12	934.366	0	4231.61	0.230282	0.95885	0.738044
54.1975	77	3121.29	938.602	2.00012	4276.94	0.231189	0.949252	0.729796
54.9989	78	3079.91	1005.53	0	4330.21	0.246126	0.943474	0.711261
55.8004	79	3175.24	931.247	1.00009	4338.46	0.226775	0.94653	0.731881
56.6018	80	3132.4	964.285	0	4262.99	0.235382	0.96099	0.734791
57.4033	81	3193.36	830.864	0	4381	0.206466	0.918563	0.728911
58.2047	82	3369.33	771.046	2.00012	4509.84	0.186226	0.918076	0.747106
59.0062	83	3426.94	614.567	0	4621.56	0.152064	0.874489	0.741511
59.8076	84	3574.33	528.496	2.00012	4845.17	0.128813	0.846787	0.73771
60.609	85	3652.48	382.57	2.00012	5065.34	0.0948119	0.796599	0.721072
61.4105	86	3937.09	268.249	0	5145.47	0.0637878	0.817288	0.765155
62.2119	87	3920.27	200.231	0	5423.69	0.0485938	0.759723	0.722805
63.0134	88	3956.57	128.51	0	5468.32	0.0314585	0.747045	0.723545
63.8148	89	4003.29	111.378	0	5393.63	0.0270685	0.762875	0.742225
64.6163	90	4070.81	68.1457	1.00003	5488.44	0.0164645	0.754122	0.741706
65.4177	91	3958.67	49.0734	0	5323.78	0.0122446	0.752801	0.743584
66.2192	92	3879.27	36.0418	0	5368.12	0.00920535	0.729364	0.72265
67.0206	93	3971.43	38.0441	0	5332.92	0.00948857	0.751834	0.7447
67.8221	94	4033.29	33.0353	0	5412.29	0.00812411	0.751314	0.74521
68.6235	95	3986.75	27.0223	0	5364.26	0.00673238	0.748244	0.743207
69.4249	96	3976.02	26.0207	0	5307.64	0.00650185	0.754014	0.749111
70.2264	97	4107.24	19.0122	1.00003	5398.16	0.00460762	0.764381	0.760859
71.0278	98	4097.52	31.0294	1.00003	5343.99	0.00751581	0.772559	0.766752
71.8293	99	4177.48	22.0148	1.00003	5330.86	0.00524225	0.78777	0.78364
72.6307	100	4505.39	16.0078	7.0015	5283.18	0.00354046	0.855809	0.852779
73.4322	101	4900.19	24.0191	3.00027	4360.77	0.00487775	1.12921	1.1237
74.2336	102	5667.09	33.0333	16.0078	3618.81	0.00579518	1.57514	1.56601
75.0351	103	6212.39	29.0257	67.1374	2743.36	0.0046505	2.2751	2.26452
75.8365	104	6583.61	30.0275	169.888	2004.36	0.00454024	3.29963	3.28465
76.6379	105	6432.13	27.0223	359.991	1341.48	0.00418356	4.81495	4.7948
77.4394	106	5527.4	31.0294	584.587	750.376	0.0055824	7.40752	7.36617
78.2408	107	4147.03	23.017	750.465	472.988	0.00551959	8.8164	8.76774
79.0423	108	2798.28	19.011	840.916	244.91	0.00674799	11.5033	11.4257
79.8437	109	1852.13	9.00302	908.255	155.766	0.00483738	11.9483	11.8905
80.6452	110	1165.3	5.00076	912.2	83.216	0.00427306	14.0634	14.0033
81.4466	111	677.872	5.00076	938.956	56.0977	0.00732312	12.1729	12.0838
82.2481	112	480.2	6.00147	974.961	52.0827	0.0123436	9.33518	9.21995
83.0495	113	271.333	3.00027	992.961	37.0464	0.0109366	7.40513	7.32414
83.851	114	235.731	1.00003	1071.68	42.0591	0.00422434	5.62853	5.60475
84.6524	115	200.231	2.00012	1108.66	22.0161	0.00989029	9.18558	9.09473
85.4538	116	174.963	3.00027	1171.48	28.024	0.016859	6.35039	6.24333
86.2553	117	137.576	1.00003	1211.49	34.0353	0.00721648	4.07154	4.04215
87.0567	118	118.434	0	1205.56	20.0122	0	5.9181	5.9181
87.8582	119	145.663	1.00003	1313.25	17.0088	0.00681854	8.62278	8.56398
88.6596	120	134.551	0	1368.3	23.0176	0	5.84558	5.84558
89.4611	121	126.487	0	1459.29	12.0054	0	10.5359	10.5359
90.2625	122	111.378	3.00027	1444.45	12.0044	0.0262312	9.52801	9.27808
91.064	123	134.551	1.00003	1577.38	13.0052	0.00737752	10.4229	10.346
91.8654	124	106.351	1.00003	1547.66	6.0011	0.00931553	17.8885	17.7219
92.6668	125	112.385	2.00012	1651.31	11.0037	0.0174859	10.3951	10.2133
93.4683	126	118.449	1.00003	1715.89	14.006	0.00837204	8.52841	8.45701
94.2697	127	122.456	1.00003	1718.78	7.0015	0.00810026	17.6329	17.49
95.0712	128	107.351	0	1805.26	11.0037	0	9.7559	9.7559
95.8726	129	114.405	0	1811.84	9.00247	0	12.7082	12.7082
96.6741	130	78.191	0	1855.46	4.00049	0	19.5454	19.5454
97.4755	131	107.357	0	1934.14	9.00247	0	11.9253	11.9253
98.277	132	99.3125	0	1819.14	5.00076	0	19.8595	19.8595
99.0784	133	110.371	2.00012	1827.21	5.00076	0.0177993	22.4708	22.0708
99.8799	134	92.2593	0	1918.38	4.00049	0	23.062	23.062
100.681	135	78.1863	0	1877.53	6.0011	0	13.0287	13.0287
101.483	136	97.2883	0	1938.27	4.00049	0	24.3191	24.3191
