# depth_nm	scan	16OCs2+	18OCs2+	SiCs+	WCs+	f18 = 18OCs2+/(16OCs2++18OCs2+)	O_over_W = (16OCs2++18OCs2+)/WCs+	16OCs2+_over_WCs+
0	0	53.0984	26.0424	344.787	40.074	0.329064	1.97487	1.32501
0.633988	1	1101.34	4.00024	1538.71	2.00006	0.00361903	552.651	550.651
1.26798	2	1677.2	5.00038	1701.73	1.00002	0.00297252	1682.17	1677.17
1.90196	3	1266.15	2.00006	1453.96	0	0.00157715	0	0
2.53595	4	843.771	1.00002	1391.16	0	0.00118377	0	0
3.16994	5	595.376	1.00002	1360.91	0	0.00167682	0	0
3.80393	6	485.58	2.00006	1376.55	0	0.00410201	0	0
4.43791	7	359.992	1.00002	1393.2	0	0.00277019	0	0
5.0719	8	290.282	0	1365.12	0	0	0	0
5.70589	9	249.951	1.00002	1367.17	0	0.0039849	0	0
6.33988	10	189.547	0	1364	0	0	0	0
6.97386	11	187.536	0	1326.49	0	0	0	0
7.60785	12	154.363	2.00006	1346.32	0	0.0127911	0	0
8.24184	13	141.304	1.00002	1411.03	0	0.0070273	0	0
8.87583	14	111.188	0	1350.49	0	0	0	0
9.50981	15	151.349	1.00002	1367.17	0	0.00656398	0	0
10.1438	16	144.317	0	1368.21	0	0	0	0
10.7778	17	110.185	1.00002	1309.92	0	0.00899415	0	0
11.4118	18	133.271	1.00002	1397.51	0	0.00744776	0	0
12.0458	19	107.175	0	1338.03	0	0	0	0
12.6798	20	100.153	0	1402.64	0	0	0	0
13.3137	21	104.165	0	1400.51	0	0	0	0
13.9477	22	115.202	0	1399.46	0	0	0	0
14.5817	23	98.1468	1.00002	1408.9	0	0.0100862	0	0
15.2157	24	109.182	1.00002	1301.59	0	0.00907606	0	0
15.8497	25	100.153	1.00002	1399.51	0	0.00988617	0	0
16.4837	26	120.22	2.00006	1324.57	0	0.0163644	0	0
17.1177	27	116.206	0	1444.5	0	0	0	0
17.7517	28	101.156	0	1387.07	0	0	0	0
18.3856	29	100.153	0	1467.46	0	0	0	0
19.0196	30	95.138	1.00002	1394.38	0	0.0104019	0	0
19.6536	31	105.169	0	1391.16	0	0	0	0
20.2876	32	128.255	0	1490.57	0	0	0	0
20.9216	33	134.275	0	1442.37	0	0	0	0
21.5556	34	114.199	0	1363.13	0	0	0	0
22.1896	35	102.159	0	1353.74	0	0	0	0
22.8236	36	116.206	1.00002	1399.55	0	0.00853213	0	0
23.4575	37	114.199	0	1397.42	0	0	0	0
24.0915	38	121.224	1.00002	1373.43	0	0.00818183	0	0
24.7255	39	121.224	1.00002	1404.86	0	0.00818183	0	0
25.3595	40	128.251	0	1601.56	0	0	0	0
25.9935	41	155.368	0	2034.15	0	0	0	0
26.6275	42	393.352	1.00002	2650.69	2.00006	0.00253585	197.17	196.67
27.2615	43	1303.63	7.00075	3094.08	10.0015	0.00534151	131.043	130.343
27.8955	44	3870.77	16.0039	3246.38	24.0088	0.00411753	161.89	161.223
28.5294	45	8904.1	42.0269	2536.34	78.093	0.00469778	114.557	114.019
29.1634	46	14357.4	67.0706	1400.64	73.0837	0.00464979	197.369	196.451
29.7974	47	17859.8	97.1439	812.467	130.259	0.00540983	137.856	137.11
30.5539	48	17445.1	104.182	440.268	161.397	0.00593654	108.734	108.088
31.368	49	14467.4	96.1409	282.385	204.638	0.00660147	71.1675	70.6977
32.182	50	10957.6	60.0568	149.367	270.118	0.00545099	40.7881	40.5657
32.9961	51	8437.42	56.0482	78.1144	313.495	0.00659898	27.0928	26.9141
33.8101	52	7242.48	47.0337	42.0269	361.003	0.00645225	20.1924	20.0621
34.6242	53	6736.59	40.0244	28.012	361.992	0.00590626	18.7203	18.6098
35.4383	54	6609.12	39.0232	17.0044	379.185	0.00586979	17.5327	17.4298
36.2523	55	6614.86	49.0367	14.0037	352.948	0.00735856	18.8807	18.7418
37.0664	56	6674.73	51.0397	11.0025	354.926	0.00758868	18.9498	18.806
37.8804	57	6782.14	57.0496	2.00006	340.784	0.00834158	20.069	19.9016
38.6945	58	6563.46	58.0514	6.00073	354.948	0.00876709	18.6549	18.4913
39.5085	59	6533.85	86.1157	4.00024	352.904	0.0130085	18.7585	18.5145
40.3226	60	6425.22	184.53	4.00024	438.94	0.0279178	15.0584	14.638
41.1366	61	6265.4	320.563	1.00002	388.315	0.0486737	16.9603	16.1348
41.9507	62	5818.17	456.174	1.00002	394.388	0.0727047	15.9091	14.7524
42.7647	63	5816	751.585	3.00014	380.209	0.114439	17.2736	15.2969
43.5788	64	5508.61	1061.12	1.00005	382.256	0.161517	17.1867	14.4108
44.3928	65	5352.51	1238.29	4.00024	419.741	0.187882	15.7021	12.752
45.2069	66	4930.83	1378.9	0	400.437	0.218535	15.7571	12.3136
46.0209	67	4869.91	1419.43	2.00006	402.474	0.225688	15.6267	12.0999
46.835	68	4863.51	1486.52	3.00023	425.754	0.234097	14.9148	11.4233
47.649	69	4747.98	1561.82	0	425.754	0.247523	14.8203	11.1519
48.4631	70	4704.76	1486.44	1.00005	392.364	0.240089	15.7792	11.9908
49.2772	71	4612.8	1570.12	2.00006	391.339	0.253944	15.7994	11.7872
50.0912	72	4655.74	1559.71	1.00002	404.486	0.250941	15.3663	11.5103
50.9053	73	4601.23	1507.46	0	409.574	0.246774	14.9148	11.2342
51.7193	74	4790.69	1569.02	0	391.339	0.246712	16.2511	12.2418
52.5334	75	4615.5	1473.69	2.00012	421.702	0.242018	14.4396	10.9449
53.3474	76	4604.19	1456.1	3.00023	414.625	0.240268	14.6163	11.1045
54.1615	77	4630.29	1536.76	1.00002	414.625	0.249189	14.8738	11.1674
54.9755	78	4619.01	1388.16	0	406.524	0.231084	14.7769	11.3622
55.7896	79	4674.28	1412.03	3.00014	417.65	0.232001	14.5728	11.1919
56.6036	80	4775.9	1266.23	2.00006	404.486	0.209567	14.9378	11.8073
57.4177	81	4932.21	1069.32	0	395.388	0.178175	15.1788	12.4744
58.2317	82	5240.54	854.139	3.00014	403.499	0.140145	15.1046	12.9877
59.0458	83	5444.57	644.293	3.00023	421.715	0.105815	14.4383	12.9106
59.8598	84	5443.84	443.994	2.00006	400.449	0.0754088	14.7031	13.5943
60.6739	85	5667.98	332.693	1.00002	428.833	0.0554427	13.993	13.2172
61.488	86	5933.91	234.859	0	444.008	0.0380722	13.8934	13.3644
62.302	87	5765.05	147.335	2.00006	410.561	0.0249198	14.4007	14.0419
63.1161	88	5854.68	112.192	2.00006	415.625	0.0188025	14.3564	14.0864
63.9301	89	5953.91	72.0792	0	449.077	0.0119614	13.4186	13.2581
64.7442	90	5876.8	60.055	0	399.437	0.0101156	14.8631	14.7127
65.5582	91	5880.02	44.0297	1.00002	402.474	0.00743237	14.7191	14.6097
66.3723	92	5818.26	51.0397	1.00005	424.767	0.00869606	13.8177	13.6975
67.1863	93	5719.41	34.0177	1.00002	430.843	0.00591259	13.3539	13.2749
68.0004	94	5832.74	24.0103	1.00002	429.833	0.00409959	13.6256	13.5698
68.8144	95	5848.52	44.0296	0	404.499	0.00747207	14.5675	14.4587
69.6285	96	5876.63	25.0095	3.00014	440.967	0.00423773	13.3834	13.3267
70.4425	97	5864.84	27.0111	16.0039	491.67	0.00458449	11.9833	11.9284
71.2566	98	5853.89	34.0177	40.0244	477.491	0.00577754	12.3309	12.2597
72.0706	99	5649.26	27.0111	120.228	537.399	0.0047586	10.5625	10.5122
72.8847	100	5225.55	34.0177	368.093	557.719	0.00646777	9.43049	9.36949
73.6988	101	4976.61	18.0049	808.977	551.634	0.00360487	9.05422	9.02158
74.5128	102	4453.09	24.0088	1547	533.317	0.00536258	8.39483	8.34981
75.3269	103	3689.2	17.0044	2508.13	403.474	0.00458809	9.18574	9.1436
76.1409	104	2994.87	13.0026	3599.6	316.524	0.00432285	9.50284	9.46176
76.955	105	2153.29	10.0015	4469.28	249.951	0.00462329	8.65486	8.61485
77.769	106	1498.81	7.00075	5495.23	204.638	0.00464917	7.3584	7.32419
78.5831	107	1037.24	11.0018	6258.23	171.448	0.0104955	6.11409	6.04992
79.3971	108	723.938	3.00014	6437.28	126.243	0.00412709	5.75825	5.73449
80.2112	109	503.854	7.00096	6772.21	104.169	0.0137044	4.90412	4.83691
81.0252	110	366.037	4.00024	6910.29	69.0727	0.0108104	5.35721	5.29929
81.8393	111	282.212	2.00006	6982.01	54.0462	0.00703722	5.25868	5.22168
82.6533	112	240.883	1.00002	6654.24	55.0462	0.00413429	4.39419	4.37602
83.4674	113	196.589	0	6363.32	45.0309	0	4.36563	4.36563
84.2814	114	199.607	0	6147.64	35.0187	0	5.7	5.7
85.0955	115	160.392	0	5903.37	38.0221	0	4.21839	4.21839
85.9095	116	126.243	0	5629.44	31.0147	0	4.07042	4.07042
86.7236	117	119.217	0	5377.88	27.0111	0	4.41361	4.41361
87.5377	118	128.251	0	5289.31	28.012	0	4.57842	4.57842
88.3517	119	120.224	2.00006	4934.56	21.0067	0.0163639	5.81833	5.72311
89.1658	120	100.153	0	4890.92	23.0081	0	4.35295	4.35295
89.9798	121	89.1211	2.00006	4650.74	15.0034	0.0219495	6.07335	5.94005
90.7939	122	75.086	0	4530.95	14.003	0	5.36214	5.36214
91.6079	123	69.0727	3.00014	4455.77	16.0039	0.0416264	4.50346	4.31599
92.422	124	56.0479	1.00002	4254.89	20.0061	0.0175294	2.85153	2.80154
93.236	125	55.0462	1.00002	4233.98	14.003	0.0178427	4.00245	3.93103
94.0501	126	60.055	0	3979.6	16.0039	0	3.75252	3.75252
94.8641	127	58.0514	2.00006	3826.9	13.0026	0.0333058	4.61843	4.46461
95.6782	128	53.0429	2.00006	3901.05	6.00055	0.0363364	9.17299	8.83968
96.4922	129	47.0337	0	3710.19	5.00038	0	9.40603	9.40603
97.3063	130	51.041	1.00002	3724.16	6.00055	0.0192159	8.67271	8.50605
98.1203	131	42.0269	0	3591.09	9.00124	0	4.66902	4.66902
