# depth_nm	scan	16O-	18O-	Si-	WO3-	f18 = 18O-/(16O-+18O-)	O_over_W = (16O-+18O-)/WO3-	16O-_over_WO3-
0	0	499.662	1.00003	12.0044	4.00073	0.00199741	125.143	124.893
0.650906	1	2173.49	4.00049	158.786	0	0.0018372	0	0
1.30181	2	2760.51	4.00049	838.809	1.00009	0.00144709	2764.26	2760.26
1.95272	3	2146.49	2.00012	1682.89	0	0.000930945	0	0
2.60362	4	1527.66	4.00049	2195.79	0	0.00261186	0	0
3.25453	5	1116.95	3.00027	2364.23	0	0.00267894	0	0
3.90543	6	734.758	1.00003	2476.23	0	0.00135918	0	0
4.55634	7	625.307	0	2622.57	1.00003	0	625.287	625.287
5.20725	8	547.167	2.00012	2545.99	0	0.0036421	0	0
5.85815	9	462.495	2.00012	2668.37	0	0.00430602	0	0
6.50906	10	379.382	2.00012	2550.16	0	0.00524441	0	0
7.15996	11	375.311	0	2656.52	0	0	0	0
7.81087	12	336.472	0	2631.63	0	0	0	0
8.46177	13	320.206	1.00003	2706.08	0	0.00311337	0	0
9.11268	14	268.232	1.00003	2574.43	0	0.00371438	0	0
9.76359	15	257.05	1.00003	2675.1	0	0.00387534	0	0
10.4145	16	247.957	0	2626.75	0	0	0	0
11.0654	17	244.88	0	2618.73	1.00003	0	244.873	244.873
11.7163	18	226.573	1.00003	2695.97	0	0.00439432	0	0
12.3672	19	250.958	0	2625.96	0	0	0	0
13.0181	20	222.586	0	2693.44	0	0	0	0
13.669	21	215.45	0	2620.23	0	0	0	0
14.3199	22	197.218	0	2698.06	0	0	0	0
14.9708	23	202.268	0	2614.2	0	0	0	0
15.6217	24	218.477	0	2600.9	1.00003	0	218.47	218.47
16.2726	25	229.658	0	2684.4	1.00003	0	229.651	229.651
16.9235	26	203.281	1.00003	2721.9	0	0.00489538	0	0
17.5745	27	203.264	0	2724.63	0	0	0	0
18.2254	28	214.397	1.00003	2707.7	0	0.00464274	0	0
18.8763	29	242.79	0	2654.06	0	0	0	0
19.5272	30	193.158	0	2764.55	0	0	0	0
20.1781	31	242.805	1.00003	2701.26	0	0.00410176	0	0
20.829	32	221.531	0	2870.61	1.00003	0	221.524	221.524
21.4799	33	228.629	0	2830.2	0	0	0	0
22.1308	34	226.573	1.00003	2761.86	2.00012	0.00439432	113.78	113.28
22.7817	35	226.587	0	2730.9	0	0	0	0
23.4326	36	219.504	1.00003	2763.53	0	0.00453521	0	0
24.0835	37	223.586	1.00003	2738.02	0	0.00445276	0	0
24.7344	38	218.45	0	2727.38	0	0	0	0
25.3853	39	209.357	0	2608.43	0	0	0	0
26.0362	40	270.265	1.00003	2086.82	11.0044	0.00368654	24.6507	24.5598
26.6871	41	488.232	2.00012	1610.88	15.0069	0.00407995	32.6672	32.5339
27.338	42	988.585	5.00076	1157.49	34.0353	0.00503304	29.1928	29.0459
27.9889	43	1864.95	3.00027	854.297	133.559	0.00160619	13.9859	13.9635
28.6399	44	3191.57	7.0015	664.726	448.373	0.00218894	7.13374	7.11813
29.2908	45	5271.38	29.0257	524.43	1267.07	0.00547612	4.18319	4.16028
29.9417	46	7405.09	40.0489	300.818	2841.38	0.0053792	2.62026	2.60616
30.8402	47	8508.82	44.0592	212.397	5299.1	0.00515138	1.61403	1.60571
31.7632	48	8552	55.0959	152.709	7855.42	0.00640122	1.09569	1.08868
32.6861	49	8206.99	51.0827	91.2704	9286.67	0.00618579	0.889239	0.883738
33.6091	50	7509.17	47.0675	66.1373	9992.07	0.00622897	0.756223	0.751513
34.532	51	6393.39	47.0675	50.0795	9722.14	0.0073081	0.662453	0.657612
35.455	52	5348.22	39.0489	51.0827	8859.01	0.00724836	0.608112	0.603704
36.3779	53	4742.81	38.0441	41.0514	7913.18	0.00795759	0.604164	0.599357
37.3009	54	4333.17	29.0257	39.0513	7463.33	0.00665392	0.584484	0.580595
38.2238	55	3968.96	34.0353	39.0465	6971.22	0.00850247	0.574217	0.569335
39.1468	56	3852.5	16.0078	43.0565	6716.49	0.00413798	0.575972	0.573589
40.0697	57	3833.71	34.0353	31.0294	6619.4	0.00879978	0.584306	0.579164
40.9927	58	3728.52	41.0514	26.0207	6549.88	0.0108902	0.575517	0.56925
41.9156	59	3641.97	81.2009	29.0275	6554.85	0.0218096	0.568003	0.555616
42.8386	60	3602.26	135.559	37.0418	6205.86	0.0362669	0.602305	0.580461
43.7615	61	3469.81	202.243	18.0099	6098.95	0.0550764	0.602079	0.568918
44.6845	62	3322.86	334.451	26.0207	5830	0.0914473	0.627326	0.569959
45.6074	63	3260.9	426.53	31.0294	5747.8	0.115671	0.641537	0.567329
46.5304	64	3183.77	509.946	24.0176	5769.54	0.138058	0.64021	0.551824
47.4534	65	3175.47	551.407	15.0069	5537.81	0.147954	0.672988	0.573417
48.3763	66	3185.98	558.478	20.0122	5515.5	0.149148	0.678898	0.577642
49.2993	67	3258.86	586.515	28.024	5593.27	0.152525	0.6875	0.58264
50.2222	68	3107.44	626.996	16.0078	5543.81	0.167896	0.673622	0.560524
51.1452	69	3069.85	580.332	21.0135	5444.14	0.158987	0.670478	0.56388
52.0681	70	3183.12	633.39	21.0135	5532.73	0.16596	0.689807	0.575326
52.9911	71	3195.26	633.272	24.0176	5517.33	0.165408	0.693911	0.579133
53.914	72	3246.78	652.998	13.006	5493.58	0.167445	0.709878	0.591013
54.837	73	3283.9	612.453	12.0044	5485.86	0.157186	0.710253	0.598611
55.7599	74	3167.97	627.152	16.0078	5443.15	0.165252	0.697229	0.582011
56.6829	75	3162.9	600.885	15.0069	5471.9	0.159649	0.687839	0.578026
57.6058	76	3251.44	561.653	15.0069	5471.69	0.147296	0.696878	0.594231
58.5288	77	3187.06	473.873	14.006	5711.04	0.12944	0.641027	0.558053
59.4517	78	3417.15	429.689	10.0031	5877.77	0.111699	0.654471	0.581367
60.3747	79	3524.79	286.543	14.006	5982.75	0.075182	0.637053	0.589158
61.2976	80	3679.79	169.888	11.0037	6256.29	0.0441305	0.615328	0.588174
62.2206	81	3724.47	131.527	6.0011	6179.27	0.0341096	0.624021	0.602736
63.1435	82	3651.97	83.2109	10.0031	6147.64	0.0222776	0.60758	0.594044
64.0665	83	3722.23	52.0859	12.0044	6320.87	0.0138001	0.59712	0.58888
64.9894	84	3654.98	62.1176	17.0088	6348.76	0.0167113	0.585485	0.575701
65.9124	85	3686.3	47.0733	16.0088	6194.59	0.0126088	0.602682	0.595083
66.8353	86	3661.49	54.0892	9.00247	6301.03	0.0145574	0.589678	0.581094
67.7583	87	3768.72	35.0374	10.0031	6235.26	0.00921128	0.610039	0.60442
68.6812	88	3765.07	36.0396	6.0011	6295.9	0.00948135	0.603743	0.598019
69.6042	89	3658.77	31.0294	13.006	6313.96	0.00840951	0.584387	0.579472
70.5271	90	3684.3	47.0675	6.0011	6213.47	0.012614	0.600528	0.592953
71.4501	91	3877.27	40.0489	9.00247	6299.54	0.0102236	0.621841	0.615484
72.373	92	4034.23	47.0704	10.0031	6320.2	0.0115332	0.645754	0.638307
73.296	93	4678.71	57.0994	17.0088	5975.42	0.0120569	0.792549	0.782993
74.2189	94	5946.6	62.1176	29.0257	4585.77	0.0103379	1.3103	1.29675
75.1419	95	7299.69	62.1214	100.313	2784.79	0.00843833	2.64358	2.62127
76.0648	96	8063.08	77.1862	337.535	1579.69	0.00948202	5.15309	5.10423
76.9878	97	7390.58	54.0892	781.533	788.866	0.00726549	9.43718	9.36861
77.9107	98	4587.93	36.0418	1034.73	393.975	0.00779456	11.7367	11.6452
78.8337	99	2357.12	24.0176	991.773	222.599	0.0100866	10.697	10.5891
79.7566	100	1213.72	8.00195	915.66	198.267	0.00654972	6.16202	6.12166
80.6796	101	698.906	5.00076	937.955	157.776	0.0071043	4.46142	4.42972
81.6025	102	491.384	10.0031	959.8	148.699	0.0199508	3.37184	3.30456
82.5255	103	395.937	6.0011	896.737	143.645	0.0149304	2.79813	2.75635
83.4484	104	289.561	2.00012	891.286	114.441	0.00686004	2.54771	2.53023
84.3714	105	257.021	6.0011	965.346	116.427	0.0228159	2.25912	2.20758
85.2943	106	217.45	3.00027	986.957	97.2991	0.0136098	2.26569	2.23486
86.2173	107	204.268	9.00247	1046	94.2822	0.0422115	2.26204	2.16656
87.1402	108	189.099	3.00027	1062.14	92.2819	0.0156184	2.08165	2.04914
88.0632	109	189.099	2.00012	1149.19	99.3361	0.0104664	1.92376	1.90362
88.9861	110	172.92	2.00012	1159.85	75.1857	0.0114345	2.3265	2.2999
89.9091	111	188.122	5.00076	1087.05	73.1721	0.0258943	2.63929	2.57095
90.8321	112	149.691	6.0011	1236.23	83.216	0.0385447	1.87094	1.79882
91.755	113	163.816	2.00012	1183.65	73.1721	0.0120623	2.26612	2.23878
92.678	114	167.867	4.00049	1244.08	60.1286	0.0232766	2.85833	2.7918
93.6009	115	131.527	8.00195	1328.02	59.1173	0.05735	2.3602	2.22484
94.5239	116	130.526	3.00027	1423.87	74.1722	0.0224695	1.80023	1.75978
95.4468	117	131.535	3.00027	1372.83	60.1175	0.0223011	2.23787	2.18796
96.3698	118	125.495	4.00049	1378	62.129	0.030893	2.08429	2.0199
97.2927	119	124.472	5.00076	1470.24	63.1292	0.0386242	2.05091	1.9717
98.2157	120	98.2943	4.00049	1410.31	65.1412	0.0391075	1.57035	1.50894
99.1386	121	99.3125	4.00049	1431.42	41.0539	0.038722	2.51652	2.41908
100.062	122	92.2649	1.00003	1388.33	65.1372	0.0107225	1.43182	1.41647
100.985	123	119.449	4.00049	1485.76	54.1087	0.0324059	2.28151	2.20757
101.907	124	111.378	3.00027	1483.76	41.0539	0.0262312	2.78604	2.71296
102.83	125	102.319	1.00003	1525.76	43.0669	0.00967907	2.39903	2.37581
103.753	126	94.2765	3.00027	1526.38	44.0619	0.0308427	2.20773	2.13964
104.676	127	92.2593	3.00027	1532.76	41.0564	0.0314958	2.32021	2.24713
