# depth_nm	scan	16O-	18O-	Si-	WO3-	f18 = 18O-/(16O-+18O-)	O_over_W = (16O-+18O-)/WO3-	16O-_over_WO3-
0	0	957.92	2.00012	34.0353	8.00195	0.00208363	119.961	119.711
0.591044	1	2555.51	4.00049	153.719	2.00012	0.00156299	1279.67	1277.67
1.18209	2	3435.36	2.00012	889.34	0	0.000581877	0	0
1.77313	3	2884.18	8.00195	2006.67	0	0.00276675	0	0
2.36418	4	2085.69	4.00049	2653.94	1.00009	0.0019144	2089.5	2085.5
2.95522	5	1552.16	2.00012	3113.91	0	0.00128695	0	0
3.54626	6	1183.5	3.00027	3282.89	1.00003	0.00252867	1186.46	1183.46
4.13731	7	939.074	1.00003	3216.07	1.00003	0.00106378	940.045	939.045
4.72835	8	714.555	4.00049	3262.8	1.00003	0.0055674	718.534	714.534
5.3194	9	577.151	0	3320.21	0	0	0	0
5.91044	10	514.042	1.00003	3423.79	1.00003	0.00194165	515.026	514.026
6.50148	11	390.692	0	3311.29	0	0	0	0
7.09253	12	369.127	0	3384	0	0	0	0
7.68357	13	329.368	1.00003	3420.82	2.00012	0.00302702	165.174	164.674
8.27462	14	319.087	1.00003	3310.52	0	0.00312424	0	0
8.86566	15	319.126	0	3414.83	2.00012	0	159.553	159.553
9.4567	16	267.216	1.00003	3309.06	1.00003	0.00372845	268.208	267.208
10.0477	17	278.42	0	3431.19	1.00003	0	278.411	278.411
10.6388	18	257.005	2.00012	3331.72	2.00012	0.00772232	129.495	128.495
11.2298	19	239.775	0	3300.81	0	0	0	0
11.8209	20	230.644	1.00003	3534.69	1.00009	0.0043171	231.623	230.623
12.4119	21	240.76	1.00003	3541.17	0	0.00413645	0	0
13.003	22	228.587	0	3410.67	3.00046	0	76.1841	76.1841
13.594	23	208.344	0	3343.35	0	0	0	0
14.1851	24	208.344	0	3452.19	0	0	0	0
14.7761	25	232.658	0	3370.76	0	0	0	0
15.3671	26	213.397	1.00003	3191.28	2.00012	0.00466439	107.192	106.692
15.9582	27	223.545	0	3387.02	0	0	0	0
16.5492	28	200.243	0	3335.96	0	0	0	0
17.1403	29	191.134	0	3359.86	1.00003	0	191.128	191.128
17.7313	30	202.256	1.00003	3447.37	0	0.00492006	0	0
18.3224	31	227.601	0	3329.23	1.00003	0	227.594	227.594
18.9134	32	188.087	0	3353.12	0	0	0	0
19.5045	33	220.477	0	3341.29	0	0	0	0
20.0955	34	210.403	1.00003	3388.57	0	0.00473044	0	0
20.6865	35	204.268	0	3413.37	1.00003	0	204.262	204.262
21.2776	36	221.49	1.00003	3565.61	1.00003	0.00449471	222.484	221.484
21.8686	37	179.985	0	3469.48	1.00003	0	179.98	179.98
22.4597	38	211.383	1.00003	3469.32	0	0.00470861	0	0
23.0507	39	209.357	1.00003	3485.87	0	0.00475396	0	0
23.6418	40	227.587	0	3334.6	0	0	0	0
24.2328	41	226.587	0	3312.62	0	0	0	0
24.8238	42	205.281	0	3335.27	1.00003	0	205.274	205.274
25.4149	43	202.28	0	3035.7	0	0	0	0
26.0059	44	261.117	0	2665.01	1.00003	0	261.109	261.109
26.597	45	356.946	1.00003	2216.13	5.00076	0.0027938	71.5784	71.3784
27.188	46	789.977	1.00003	1525.46	22.0161	0.0012643	35.9272	35.8817
27.7791	47	1589.5	9.00247	1093.19	70.1613	0.00563181	22.7833	22.655
28.3701	48	2810.9	12.0044	818.396	243.891	0.00425249	11.5744	11.5252
28.9612	49	4844.35	31.0294	678.126	708.72	0.00636451	6.87913	6.83535
29.5522	50	7008.26	36.0418	502.663	1840.04	0.00511645	3.82834	3.80876
30.2032	51	9347.61	58.1029	295.688	4006.34	0.0061774	2.34771	2.33321
31.0417	52	10498.4	72.1675	164.867	6794.89	0.00682723	1.55566	1.54504
31.8801	53	10698.8	64.1292	102.325	9414.21	0.00595837	1.14326	1.13645
32.7186	54	10081.1	72.1674	56.1028	11381.2	0.00710777	0.892111	0.885771
33.557	55	9200.47	58.1029	47.0675	12060	0.00627558	0.767706	0.762888
34.3955	56	8153.37	64.1292	21.0148	12151.1	0.00780399	0.676273	0.670996
35.2339	57	7239.55	55.0925	15.0069	11214	0.00755246	0.650492	0.645579
36.0724	58	6157.39	48.0734	13.0052	10381.4	0.00774695	0.597746	0.593116
36.9108	59	5452	31.0294	9.00302	9511.64	0.00565916	0.576455	0.573192
37.7493	60	4979.5	43.0592	4.00049	8951.56	0.00857315	0.561082	0.556272
38.5877	61	4696.03	41.0514	7.0015	8670.46	0.00866597	0.546347	0.541612
39.4262	62	4498.33	37.0418	9.00247	8243.09	0.00816733	0.550203	0.545709
40.2646	63	4540.07	37.0418	4.00049	7716.67	0.00809284	0.593146	0.588346
41.1031	64	4217.32	46.0647	2.00012	7920.03	0.0108047	0.538304	0.532488
41.9415	65	4351.13	70.15	3.00027	7674.69	0.0158664	0.576085	0.566945
42.78	66	4115.64	131.527	4.00049	7319.23	0.0309681	0.580275	0.562305
43.6184	67	4043.47	252.958	0	7371.15	0.0588763	0.582871	0.548554
44.4569	68	4227.33	354.814	5.00076	7254.03	0.0774341	0.631669	0.582757
45.2953	69	3885.81	459.523	5.00076	6880.73	0.105751	0.631522	0.564738
46.1338	70	3711.29	523.365	4.00049	6937.02	0.123591	0.610443	0.534998
46.9722	71	3770.17	596.922	4.00049	6589.16	0.136686	0.662769	0.572178
47.8107	72	3621.98	615.606	3.00027	6425.91	0.145273	0.659453	0.563653
48.6491	73	3704.59	634.233	2.00012	6392.29	0.146176	0.678759	0.579541
49.4876	74	3517.37	741.762	1.00003	6302.92	0.174158	0.675741	0.558055
50.326	75	3485.19	695.644	0	6375.32	0.166389	0.655783	0.546668
51.1645	76	3657.74	684.341	3.00027	6406.42	0.157607	0.67777	0.570949
52.0029	77	3670	686.384	4.00049	6224.33	0.157558	0.699897	0.589623
52.8414	78	3507.97	692.601	1.00003	6212.26	0.164882	0.676175	0.564685
53.6798	79	3542.18	693.73	4.00049	6117.49	0.163774	0.692426	0.579025
54.5183	80	3565.28	660.245	0	6282.76	0.156252	0.672559	0.567471
55.3567	81	3657.31	716.528	3.00027	6316.59	0.163821	0.692436	0.579
56.1952	82	3600.01	657.162	2.00012	6289.41	0.154366	0.676879	0.572392
57.0337	83	3527.87	650.916	3.00027	6331.28	0.155767	0.660022	0.557212
57.8721	84	3533.8	650.835	3.00027	6296.77	0.15553	0.664569	0.561208
58.7106	85	3579.82	558.513	0	6699.35	0.134961	0.617722	0.534354
59.549	86	3768.74	451.239	3.00027	6725.76	0.106929	0.627435	0.560344
60.3875	87	3873.93	317.107	1.00003	6724.19	0.075663	0.623278	0.576119
61.2259	88	4079.11	240.879	1.00003	7080.56	0.0557591	0.61012	0.5761
62.0644	89	4081.46	169.888	2.00012	6944.55	0.039961	0.612185	0.587721
62.9028	90	4018.28	114.398	0	6902.08	0.0276815	0.598758	0.582183
63.7413	91	4074.68	81.2059	3.00027	7105.76	0.0195399	0.584862	0.573434
64.5797	92	4284.57	50.0764	0	7131.67	0.0115526	0.607802	0.60078
65.4182	93	4331.66	44.0592	4.00049	6975.3	0.010069	0.627315	0.620999
66.2566	94	4166.4	53.0892	0	7220.37	0.0125819	0.584387	0.577034
67.0951	95	4095.68	35.0374	2.00012	7046.62	0.00848218	0.586197	0.581225
67.9335	96	4166.24	35.0374	1.00003	7022.95	0.00833971	0.598222	0.593233
68.772	97	4153.49	43.0592	1.00003	7174.69	0.0102606	0.58491	0.578909
69.6104	98	4080.51	37.0418	1.00003	7167.58	0.00899609	0.574468	0.5693
70.4489	99	4197.38	50.0764	1.00003	6950.02	0.0117897	0.611144	0.603939
71.2873	100	4255.69	43.0565	1.00003	7227.69	0.0100161	0.594761	0.588804
72.1258	101	4414.12	44.0592	3.00027	7414.82	0.00988279	0.601252	0.59531
72.9642	102	4971.56	52.0827	6.0011	7173.07	0.0103675	0.700348	0.693087
73.8027	103	5983.12	61.1138	12.0044	6236.96	0.0101111	0.969099	0.9593
74.6411	104	7181.77	75.1722	44.0592	4155.35	0.0103587	1.74641	1.72832
75.4796	105	8684.38	75.1722	179.996	2580.57	0.00858174	3.39442	3.36529
76.318	106	9474.31	94.2765	460.466	1405.32	0.0098527	6.80882	6.74174
77.1565	107	8255.26	70.15	890.118	628.164	0.00842601	13.2536	13.1419
77.9949	108	4949.51	53.0892	1137.53	253.04	0.0106123	19.7699	19.5601
78.8334	109	2566.69	23.0176	1141.97	130.518	0.00888811	19.8417	19.6653
79.6718	110	1383.36	9.00247	1132.88	84.2212	0.00646562	16.5322	16.4253
80.5103	111	741.716	10.0031	1176.97	52.0859	0.0133069	14.4323	14.2402
81.3487	112	384.476	3.00027	1078.09	35.0396	0.00774312	11.0582	10.9726
82.1872	113	265.15	5.00076	1131.88	31.0294	0.018511	8.7063	8.54513
83.0257	114	212.383	3.00027	1172.6	26.0222	0.0139299	8.27691	8.16161
83.8641	115	169.878	2.00012	1175.53	38.0441	0.0116369	4.51785	4.46528
84.7026	116	153.728	0	1268.54	19.011	0	8.08627	8.08627
85.541	117	136.593	2.00012	1277.27	28.0257	0.0144316	4.94521	4.87384
86.3795	118	137.576	1.00003	1299.59	32.0329	0.00721648	4.32605	4.29483
87.2179	119	119.449	0	1401.14	22.0148	0	5.42585	5.42585
88.0564	120	99.3003	0	1422.59	17.0088	0	5.83816	5.83816
88.8948	121	108.358	1.00003	1513.09	18.0099	0.00914459	6.07208	6.01656
89.7333	122	103.331	1.00003	1619.78	19.011	0.00958513	5.48795	5.43534
90.5717	123	71.1543	1.00003	1632.34	13.0052	0.0138596	5.54813	5.47123
91.4102	124	69.1457	0	1567.87	12.0051	0	5.75968	5.75968
92.2486	125	84.2212	2.00012	1602.74	10.0031	0.0231975	8.6195	8.41955
93.0871	126	79.1959	0	1705.33	14.006	0	5.65443	5.65443
93.9255	127	73.1631	0	1773.77	8.00244	0	9.1426	9.1426
94.764	128	66.1373	1.00003	1774	4.00049	0.0148953	16.7823	16.5323
95.6024	129	62.1176	0	1839.17	11.0037	0	5.64516	5.64516
96.4409	130	64.1253	1.00003	1860.34	10.0031	0.0153555	6.51055	6.41058
97.2793	131	63.1214	0	1832.8	6.00147	0	10.5177	10.5177
98.1178	132	56.0959	0	1875.8	11.0044	0	5.09761	5.09761
98.9562	133	59.1065	0	1844.44	4.00049	0	14.7748	14.7748
99.7947	134	51.0795	0	1861.06	4.00049	0	12.7683	12.7683
100.633	135	52.0891	1.00003	1939.14	6.0011	0.0188368	8.84656	8.67992
101.472	136	67.1374	0	1882.29	5.00076	0	13.4254	13.4254
