# depth_nm	scan	16OCs2+	18OCs2+	SiCs+	WCs+	f18 = 18OCs2+/(16OCs2++18OCs2+)	O_over_W = (16OCs2++18OCs2+)/WCs+	16OCs2+_over_WCs+
0	0	37.0586	31.0326	303.053	26.0395	0.455751	2.61492	1.42317
0.580333	1	1078.56	1.00002	1461.39	0	0.000926318	0	0
1.16067	2	1646.74	3.00014	1662.57	0	0.00181855	0	0
1.741	3	1384.86	5.00038	1472.83	0	0.00359777	0	0
2.32133	4	996.046	2.00006	1342.2	0	0.00200398	0	0
2.90167	5	719.849	2.00006	1356.74	0	0.00277075	0	0
3.482	6	508.932	1.00002	1327.61	0	0.00196108	0	0
4.06233	7	449.063	2.00006	1415.17	0	0.0044341	0	0
4.64266	8	310.476	2.00006	1340.07	0	0.00640069	0	0
5.223	9	274.144	0	1340.16	1.00002	0	274.139	274.139
5.80333	10	239.883	0	1419.39	0	0	0	0
6.38366	11	198.601	2.00006	1433.97	0	0.00997036	0	0
6.964	12	187.536	0	1422.52	0	0	0	0
7.54433	13	170.448	0	1364.04	0	0	0	0
8.12466	14	174.464	0	1388.03	1.00002	0	174.461	174.461
8.705	15	153.358	0	1368.21	0	0	0	0
9.28533	16	133.271	0	1419.34	0	0	0	0
9.86566	17	127.251	0	1375.51	0	0	0	0
10.446	18	126.243	2.00006	1372.34	0	0.0155959	0	0
11.0263	19	104.165	1.00002	1454.87	0	0.00950898	0	0
11.6067	20	140.3	1.00002	1419.48	0	0.00707725	0	0
12.187	21	122.228	2.00006	1438.18	0	0.0161	0	0
12.7673	22	110.185	0	1448.69	0	0	0	0
13.3477	23	121.224	1.00002	1372.53	0	0.00818183	0	0
13.928	24	112.192	1.00002	1375.68	1.00005	0.00883469	113.187	112.187
14.5083	25	118.213	1.00002	1396.51	0	0.00838848	0	0
15.0887	26	122.228	0	1380.81	0	0	0	0
15.669	27	125.239	0	1439.33	0	0	0	0
16.2493	28	96.1409	1.00002	1436.28	1.00002	0.0102945	97.1394	96.1394
16.8297	29	110.185	0	1471.69	0	0	0	0
17.41	30	115.202	0	1406.86	0	0	0	0
17.9903	31	141.304	0	1414.17	0	0	0	0
18.5707	32	120.22	0	1420.39	0	0	0	0
19.151	33	124.235	0	1451.95	0	0	0	0
19.7313	34	114.199	0	1407.9	0	0	0	0
20.3117	35	134.275	0	1460.23	0	0	0	0
20.892	36	105.169	0	1395.29	0	0	0	0
21.4723	37	119.217	2.00006	1348.53	0	0.0164999	0	0
22.0527	38	125.239	1.00002	1339.07	0	0.0079216	0	0
22.633	39	135.279	2.00006	1453.87	0	0.0145693	0	0
23.2133	40	115.202	0	1453.87	0	0	0	0
23.7937	41	135.279	0	1399.59	0	0	0	0
24.374	42	118.213	0	1487.34	0	0	0	0
24.9543	43	136.283	0	1681.83	0	0	0	0
25.5347	44	257.005	1.00002	2011.75	0	0.00387595	0	0
26.115	45	545.516	1.00002	2575.18	3.00014	0.0018298	182.164	181.83
26.6953	46	1270.31	8.00098	3151.75	14.003	0.00625903	91.2883	90.7169
27.2757	47	2547.91	15.0034	3510.09	35.0208	0.00585405	73.1826	72.7542
27.856	48	4906.83	40.0244	3434.78	65.0646	0.00809089	76.0299	75.4147
28.4363	49	8117.61	45.0309	2597.63	90.1238	0.00551671	90.5714	90.0717
29.0167	50	11876.6	81.1052	1677.78	97.1439	0.0067827	123.092	122.257
29.597	51	14847.8	87.121	950.6	124.235	0.00583337	120.215	119.514
30.2639	52	15951.1	124.243	581.821	136.283	0.0077288	117.955	117.044
31.1274	53	15089	124.237	364.193	153.358	0.00816638	99.2005	98.3904
31.9909	54	13664.2	83.1079	216.801	173.458	0.0060454	79.2541	78.775
32.8545	55	11647.9	76.0926	113.251	192.565	0.0064903	60.8836	60.4885
33.718	56	9810.54	84.1082	66.0746	213.702	0.00850037	46.3012	45.9076
34.5815	57	8431.95	67.0706	40.0298	258.021	0.00789157	32.9392	32.6793
35.4451	58	7553.76	61.0568	31.0147	232.832	0.00801816	32.7052	32.4429
36.3086	59	6952.73	59.0532	18.006	275.169	0.008422	25.4817	25.2671
37.1722	60	6489.48	68.0731	10.0018	292.318	0.0103809	22.4329	22.2001
38.0357	61	6233.91	60.055	9.00124	282.212	0.00954168	22.3023	22.0895
38.8992	62	6188.95	66.0666	7.00075	263.053	0.0105622	23.7785	23.5274
39.7628	63	6122.75	130.267	5.00038	263.061	0.0208326	23.7702	23.275
40.6263	64	6012.97	154.363	6.00073	258.013	0.0250291	23.9032	23.3049
41.4898	65	6067.9	290.3	5.00069	259.045	0.0456575	24.5448	23.4241
42.3534	66	5710.87	494.731	3.00023	295.336	0.0797233	21.012	19.3369
43.2169	67	5798.28	706.585	4.00024	290.309	0.108624	22.4067	19.9728
44.0805	68	5388.24	816.154	3.00026	293.318	0.131544	21.1525	18.37
44.944	69	5320	970.313	2.00006	297.345	0.154255	21.1549	17.8917
45.8075	70	5373.44	997.046	1.00002	270.118	0.15651	23.584	19.8929
46.6711	71	5248.84	1026.99	4.00024	282.22	0.163642	22.2373	18.5984
47.5346	72	5211.75	1095.2	3.00014	253.99	0.17365	24.8315	20.5195
48.3982	73	4973.23	1098.27	2.00006	267.086	0.180889	22.7324	18.6204
49.2617	74	5170.56	1057.99	1.00002	300.382	0.169862	20.7355	17.2133
50.1252	75	5316.71	1066.26	2.00006	290.282	0.167047	21.9888	18.3157
50.9888	76	5224.31	1108.59	1.00005	294.354	0.175052	21.5146	17.7484
51.8523	77	5207.99	1083.86	4.00024	299.372	0.172264	21.0168	17.3964
52.7158	78	5199.33	1136.52	1.00002	271.127	0.179379	23.3686	19.1767
53.5794	79	5289.19	1115.83	1.00002	311.476	0.174212	20.5635	16.9811
54.4429	80	5113.3	1151.05	2.00006	259.021	0.183746	24.1847	19.7409
55.3065	81	5258.46	1056.93	0	312.504	0.167357	20.2089	16.8268
56.17	82	5219.83	1010.42	0	274.152	0.16218	22.7255	19.0399
57.0335	83	5488.95	797.777	2.00006	277.169	0.126899	22.6819	19.8036
57.8971	84	5561.66	624.941	2.00006	286.255	0.101015	21.6122	19.429
58.7606	85	5841.45	493.716	1.00008	284.238	0.0779326	22.2882	20.5513
59.6241	86	5959.1	369.082	6.00055	301.391	0.0583235	20.9966	19.772
60.4877	87	5981.72	226.79	1.00002	320.563	0.0365289	19.3675	18.66
61.3512	88	6164.54	163.412	3.00014	291.318	0.0258238	21.7218	21.1609
62.2148	89	6158.4	98.1468	2.00006	298.372	0.0156871	20.969	20.64
63.0783	90	6121.75	80.0978	3.00014	285.238	0.0129152	21.7427	21.4619
63.9418	91	6215.55	67.0727	0	291.309	0.0106759	21.5669	21.3366
64.8054	92	6177.66	64.0626	2.00006	299.372	0.0102636	20.8494	20.6354
65.6689	93	6087.17	73.0814	3.00014	261.053	0.0118634	23.5977	23.3178
66.5325	94	6214.13	65.0646	2.00012	294.318	0.0103619	21.3348	21.1137
67.396	95	6201.37	57.0514	1.00002	286.247	0.00911593	21.8638	21.6644
68.2595	96	6076.31	75.086	2.00006	280.195	0.0122063	21.954	21.686
69.1231	97	6218.14	75.086	4.00024	292.3	0.0119312	21.53	21.2731
69.9866	98	6638.56	77.0928	5.0006	285.247	0.0114796	23.5433	23.2731
70.8501	99	6836.82	87.1157	20.0061	338.766	0.0125818	20.4387	20.1816
71.7137	100	6914	78.0954	73.0814	376.151	0.0111691	18.5885	18.3809
72.5772	101	6029.97	58.0514	260.045	452.105	0.00953535	13.466	13.3375
73.4408	102	5429.78	48.0352	668.882	430.82	0.00876904	12.7149	12.6034
74.3043	103	5207.27	44.0296	1398.51	388.292	0.00838451	13.5241	13.4107
75.1678	104	4450.65	36.0198	2609.8	252.974	0.00802817	17.7357	17.5933
76.0314	105	3070.66	28.0122	4386.84	202.625	0.00904006	15.2926	15.1544
76.8949	106	1796.35	17.0044	6234.43	178.485	0.00937732	10.1597	10.0644
77.7584	107	1203.88	11.0018	7050.93	142.309	0.00905588	8.53697	8.45966
78.622	108	787.385	8.00098	7610.11	101.158	0.0100592	7.86283	7.78374
79.4855	109	525.202	4.00024	7991.42	90.1238	0.007559	5.87195	5.82757
80.3491	110	370.082	6.00055	7673.56	73.0814	0.0159554	5.14608	5.06397
81.2126	111	333.693	7.00075	7625.57	60.055	0.0205485	5.67303	5.55646
82.0761	112	275.152	3.00014	7381.81	53.0429	0.010786	5.24391	5.18735
82.9397	113	232.825	2.00006	7135.03	38.0221	0.00851723	6.17603	6.12343
83.8032	114	207.657	3.00014	6879.66	37.0209	0.0142418	5.69021	5.60917
84.6668	115	183.513	2.00006	6568.88	28.012	0.0107812	6.62263	6.55123
85.5303	116	165.417	2.00006	6472.02	24.0088	0.0119466	6.97315	6.88984
86.3938	117	144.317	1.00002	5995.32	21.0067	0.0068816	6.91766	6.87005
87.2574	118	113.195	2.00006	5857.89	24.0088	0.0173623	4.79805	4.71474
88.1209	119	91.1266	1.00002	5664.34	18.0049	0.0108548	5.11674	5.0612
88.9844	120	99.1499	3.00014	5454.25	11.0018	0.0293699	9.2848	9.01211
89.848	121	90.1238	2.00006	5272.16	17.0044	0.0217106	5.41765	5.30003
90.7115	122	64.0626	2.00012	5118.13	15.0034	0.0302761	4.40317	4.26986
91.5751	123	81.1003	3.00014	5080.4	8.00098	0.0356733	10.5113	10.1363
92.4386	124	70.0749	0	4740.57	14.003	0	5.00428	5.00428
93.3021	125	68.0707	1.00005	4684.31	10.0015	0.0144786	6.90602	6.80603
94.1657	126	62.0587	2.00006	4585.82	12.0022	0.0312223	5.33725	5.17061
95.0292	127	66.0666	0	4415.59	11.0018	0	6.00504	6.00504
95.8927	128	50.0382	1.00002	4167.3	8.00098	0.0195935	6.379	6.25401
96.7563	129	55.0462	0	4218.91	7.00075	0	7.8629	7.8629
97.6198	130	60.055	1.00002	4078.82	8.00098	0.0163789	7.63095	7.50596
98.4834	131	59.0532	0	4002.09	13.0026	0	4.54165	4.54165
99.3469	132	57.0496	2.00006	3890.66	6.00055	0.0338708	9.84071	9.5074
