# depth_nm	scan	16O-	18O-	Si-	WO3-	f18 = 18O-/(16O-+18O-)	O_over_W = (16O-+18O-)/WO3-	16O-_over_WO3-
0	0	1010.17	0	25.0206	0	0	0	0
0.65072	1	2521.43	5.00076	207.306	0	0.00197938	0	0
1.30144	2	2769.73	3.00027	1088.25	0	0.00108207	0	0
1.95216	3	2195.64	5.00076	2200.37	0	0.00227241	0	0
2.60288	4	1549.96	3.00027	2707.08	0	0.00193197	0	0
3.2536	5	1046.07	0	2962.33	0	0	0	0
3.90432	6	803.63	2.00012	3145.57	0	0.00248268	0	0
4.55504	7	624.956	1.00003	3187.62	0	0.0015976	0	0
5.20576	8	473.873	2.00012	3149.12	0	0.00420306	0	0
5.85648	9	412.242	1.00003	3155.26	0	0.00241996	0	0
6.5072	10	309.932	0	3195.96	0	0	0	0
7.15792	11	318.166	0	3174.97	0	0	0	0
7.80864	12	258.037	0	3130.58	0	0	0	0
8.45936	13	215.436	0	3114.07	0	0	0	0
9.11008	14	194.17	0	3194.22	0	0	0	0
9.7608	15	178.996	1.00003	3083.57	0	0.00555585	0	0
10.4115	16	203.256	0	3094.91	0	0	0	0
11.0622	17	175.963	0	3156.75	0	0	0	0
11.713	18	171.93	0	3155.22	0	0	0	0
12.3637	19	206.319	0	3138.89	0	0	0	0
13.0144	20	155.747	0	3199.75	0	0	0	0
13.6651	21	164.867	0	3116.86	0	0	0	0
14.3158	22	155.747	0	3127.37	0	0	0	0
14.9666	23	184.041	0	3276.89	0	0	0	0
15.6173	24	146.681	0	3156.68	0	0	0	0
16.268	25	150.7	0	3196.38	0	0	0	0
16.9187	26	150.7	1.00003	3069.27	0	0.00659215	0	0
17.5694	27	144.645	1.00003	3126.88	0	0.0068662	0	0
18.2202	28	164.826	0	3095.42	0	0	0	0
18.8709	29	157.786	0	3139.95	0	0	0	0
19.5216	30	173.941	1.00003	3136.48	0	0.00571638	0	0
20.1723	31	174.941	0	3011.62	0	0	0	0
20.823	32	158.777	3.00027	3111.23	0	0.0185458	0	0
21.4738	33	186.052	0	3148.39	0	0	0	0
22.1245	34	174.963	0	3013.83	0	0	0	0
22.7752	35	200.243	0	3110.23	0	0	0	0
23.4259	36	183.075	0	3139.01	0	0	0	0
24.0766	37	181.007	0	3066.7	0	0	0	0
24.7274	38	184.03	0	3144.96	0	0	0	0
25.3781	39	200.255	0	3017.57	0	0	0	0
26.0288	40	230.658	0	2889.15	2.00012	0	115.322	115.322
26.6795	41	284.508	0	2446.33	5.00076	0	56.8928	56.8928
27.3302	42	554.408	2.00012	1959.33	20.0122	0.0035947	27.8034	27.7035
27.981	43	1450.57	3.00027	1755.6	25.0221	0.00206407	58.0914	57.9715
28.6317	44	3388.57	9.00247	1700.89	99.349	0.00264968	34.1983	34.1077
29.2824	45	7011.33	27.0223	1369.52	453.492	0.00383929	15.5204	15.4608
29.9331	46	11346.6	55.0959	946.137	1705.69	0.00483223	6.68454	6.65224
30.6024	47	13629.9	70.1543	469.853	4383.75	0.00512072	3.12519	3.10919
31.2739	48	13810	69.1542	211.383	7429.54	0.00498259	1.86811	1.8588
31.9453	49	11183.5	72.1631	84.2367	9260.99	0.00641128	1.21538	1.20759
32.6168	50	8527.05	48.0705	54.0892	8611.94	0.0056058	0.995725	0.990143
33.2883	51	6377.64	35.0374	21.0135	7226.9	0.00546378	0.887334	0.882486
33.9597	52	5278.19	29.0257	16.0078	6116.89	0.0054691	0.867634	0.862889
34.6312	53	5293.9	39.0465	15.0069	5528.68	0.00732174	0.964597	0.957534
35.3026	54	5129.28	27.0223	17.0088	5440.04	0.00524063	0.947843	0.942875
35.9741	55	5368.85	31.0313	16.0078	5402.48	0.00574666	0.99952	0.993776
36.6455	56	5332.95	48.0705	14.006	5239.97	0.00893333	1.02692	1.01775
37.317	57	5741.34	49.0794	13.0052	5176.68	0.00847598	1.11856	1.10908
37.9884	58	5494.13	41.0514	13.0052	5028.49	0.00741645	1.10076	1.0926
38.6599	59	5368.65	41.0564	7.0015	4792.54	0.0075894	1.12878	1.12021
39.3313	60	5434.96	45.0619	6.0011	4758.69	0.00822294	1.15158	1.14211
40.0028	61	5202.15	70.15	8.00195	4685.94	0.0133054	1.12513	1.11016
40.6742	62	5072.29	130.518	18.0099	4618.75	0.0250862	1.12645	1.09819
41.3457	63	4951.27	216.436	10.0031	4475.66	0.0418825	1.15463	1.10627
42.0171	64	4741.46	342.599	16.0078	4337.52	0.0673869	1.17211	1.09313
42.6886	65	4453.11	498.569	10.0031	4150.02	0.100687	1.19317	1.07303
43.36	66	4199.01	701.169	14.006	3923.82	0.14309	1.24883	1.07013
44.0315	67	3892.91	929.071	5.00076	3648.72	0.192674	1.32156	1.06693
44.7029	68	3631.96	1269.62	8.00195	3527.46	0.259022	1.38955	1.02962
45.3744	69	3317.75	1512.32	14.006	3148.63	0.313105	1.53402	1.05371
46.0458	70	3017.01	1709.57	6.0011	2914.7	0.361692	1.62164	1.0351
46.7173	71	2846.53	1930.38	11.0037	2595.92	0.404106	1.84016	1.09654
47.3887	72	2758.94	2108.34	8.00195	2407.46	0.433166	2.02175	1.146
48.0602	73	2611.26	2156.63	15.0069	2316.26	0.452324	2.05845	1.12736
48.7316	74	2506.94	2168.5	9.00247	2249.11	0.463807	2.07879	1.11463
49.4031	75	2576.39	2079.14	5.00076	2214.48	0.446595	2.10231	1.16343
50.0746	76	2529.28	2103.79	15.0069	2206.65	0.454082	2.09959	1.1462
50.746	77	2535.95	2189.35	13.0052	2229.88	0.463325	2.11909	1.13726
51.4175	78	2558	2140.24	8.00195	2218.8	0.455541	2.11747	1.15287
52.0889	79	2567.72	2139.96	8.00195	2090.11	0.454568	2.25237	1.22851
52.7604	80	2461.66	2288.76	14.006	2291.06	0.481802	2.07346	1.07446
53.4318	81	2454.71	2209.24	11.0044	2196.16	0.473685	2.12368	1.11773
54.1033	82	2458.19	2229.01	8.00195	2181.8	0.475553	2.14832	1.12668
54.7747	83	2596.52	2097.24	11.0037	2155.06	0.446815	2.17802	1.20485
55.4462	84	2572.9	2205.24	11.0037	2156.16	0.461526	2.21604	1.19328
56.1176	85	2616.75	2134.54	11.0037	2221.71	0.449256	2.13857	1.17781
56.7891	86	2674.55	2056.21	14.006	2332.65	0.434647	2.02806	1.14657
57.4605	87	2721.55	1965.06	6.00147	2471.49	0.419293	1.89626	1.10117
58.132	88	2947.75	1763.51	7.0015	2605.64	0.374319	1.8081	1.1313
58.8034	89	3111.56	1600.53	13.0052	2935.13	0.339665	1.60541	1.06011
59.4749	90	3523.62	1394.07	12.0044	3201.75	0.28348	1.53594	1.10053
60.1463	91	3750.54	1085.91	9.00247	3527.8	0.224526	1.37096	1.06314
60.8178	92	3974.52	843.654	8.00195	3846.11	0.175098	1.25274	1.03339
61.4892	93	4215.73	599.997	12.0044	4042.45	0.124591	1.19129	1.04286
62.1607	94	4362.21	436.77	7.0015	4090.73	0.0910132	1.17313	1.06636
62.8321	95	4389.45	296.706	10.0031	4356.58	0.0633155	1.07565	1.00754
63.5036	96	4526.82	175.941	9.00247	4167.14	0.0374124	1.12854	1.08631
64.175	97	4740.13	110.371	11.0037	4267.06	0.0227545	1.13673	1.11087
64.8465	98	4505.28	79.1911	12.0044	4322.33	0.0172738	1.06065	1.04233
65.518	99	4727.29	48.0705	8.00195	4251.02	0.0100664	1.12334	1.11204
66.1894	100	4593.19	38.0465	6.0011	4239.22	0.00821518	1.09248	1.0835
66.8609	101	4752.49	38.0441	22.0148	4175.45	0.00794152	1.14731	1.1382
67.5323	102	4676.36	14.0068	9.00247	4246.86	0.0029863	1.10443	1.10113
68.2038	103	4718.37	21.0135	8.00195	4246.46	0.00443381	1.11608	1.11113
68.8752	104	4727.45	22.0148	11.0044	4255.44	0.00463521	1.11609	1.11092
69.5467	105	4822.63	17.0088	6.0011	4377.9	0.00351449	1.10547	1.10158
70.2181	106	4736.89	13.0052	9.00247	4351.2	0.00273799	1.09163	1.08864
70.8896	107	4755.51	17.0088	16.0078	4269.29	0.00356391	1.11787	1.11389
71.561	108	4839.78	11.0037	7.0015	4364.66	0.00226844	1.11138	1.10886
72.2325	109	4828.99	10.0031	15.0069	3999.91	0.00206717	1.20978	1.20728
72.9039	110	4771.58	9.00247	16.0078	3611.07	0.00188313	1.32387	1.32137
73.5754	111	4911.16	12.0044	13.0052	3126.01	0.00243835	1.5749	1.57106
74.2468	112	4823.59	13.0052	32.0313	2707.55	0.00268891	1.78634	1.78154
74.9183	113	4934.55	17.0088	53.0859	2047	0.00343504	2.41893	2.41063
75.5897	114	5009.24	15.0069	105.338	1504.16	0.00298689	3.34024	3.33026
76.2612	115	5009.17	5.00107	187.098	990.706	0.000997387	5.06121	5.05616
76.9326	116	4936.26	17.0088	334.534	598.228	0.00343386	8.2799	8.25146
77.6041	117	4454.62	9.00302	462.466	333.513	0.00201697	13.3837	13.3567
78.2755	118	3971.94	7.0015	723.091	213.462	0.00175964	18.64	18.6072
78.947	119	3072.46	5.00076	873.061	137.601	0.00162497	22.365	22.3287
79.6184	120	2358.81	5.00076	1086.57	93.2821	0.00211555	25.3405	25.2869
80.2899	121	1802.56	11.0037	1053.6	63.1217	0.00606745	28.7312	28.5569
80.9613	122	1171.82	4.00049	1081.29	39.0465	0.00340229	30.1134	30.0109
81.6328	123	796.626	0	1120.09	28.0257	0	28.4249	28.4249
82.3043	124	507.851	4.00049	1122.16	19.0122	0.00781572	26.9223	26.7119
82.9757	125	371.242	6.0011	1213.57	15.0078	0.0159078	25.1365	24.7366
83.6472	126	263.134	1.00009	1189.73	6.0011	0.00378631	44.0142	43.8476
84.3186	127	211.396	0	1265.45	7.0015	0	30.193	30.193
84.9901	128	169.888	1.00003	1342.13	3.00046	0.00585196	56.954	56.6207
85.6615	129	121.449	1.00003	1372.32	5.00076	0.00816691	24.4861	24.2861
86.333	130	112.405	1.00003	1469.77	3.00027	0.0088182	37.7983	37.465
87.0044	131	115.405	0	1528.88	9.00247	0	12.8193	12.8193
87.6759	132	111.398	0	1623.92	5.00076	0	22.2762	22.2762
88.3473	133	96.2824	1.00003	1614.98	4.00049	0.0102797	24.3176	24.0676
89.0188	134	85.2213	2.00012	1678.15	3.00046	0.0229316	29.0694	28.4028
89.6902	135	96.2882	0	1735.68	4.00049	0	24.0691	24.0691
90.3617	136	104.338	1.00003	1850.25	2.00012	0.00949355	52.6657	52.1658
91.0331	137	89.2426	0	1920.88	4.00049	0	22.3079	22.3079
91.7046	138	88.2372	1.00003	1932.76	2.00012	0.0112064	44.6159	44.1159
92.376	139	94.2707	0	1918.12	0	0	0	0
93.0475	140	95.2765	0	1965.57	3.00027	0	31.7559	31.7559
93.7189	141	72.1631	0	1978.01	1.00003	0	72.1609	72.1609
94.3904	142	79.1959	3.00027	2059.75	2.00012	0.0365014	41.0956	39.5955
95.0618	143	94.2707	1.00003	2121.39	2.00012	0.0104967	47.6325	47.1325
95.7333	144	85.2213	1.00003	2084.69	3.00027	0.0115984	28.7378	28.4045
96.4047	145	84.2161	2.00012	2070.78	1.00003	0.0231989	86.2136	84.2135
97.0762	146	78.191	0	2127.15	0	0	0	0
97.7477	147	85.2213	0	2134.38	0	0	0	0
