# depth_nm	scan	16OCs2+	18OCs2+	SiCs+	WCs+	f18 = 18OCs2+/(16OCs2++18OCs2+)	O_over_W = (16OCs2++18OCs2+)/WCs+	16OCs2+_over_WCs+
0	0	43.0805	29.0435	300.988	32.073	0.402689	2.24875	1.3432
0.753523	1	1377.6	3.00014	1645.1	0	0.00217307	0	0
1.50705	2	1484.15	4.00024	1569.12	2.00006	0.00268806	744.054	742.054
2.26057	3	1114.78	3.00014	1360.92	0	0.00268401	0	0
3.01409	4	691.24	3.00014	1359.83	0	0.00432147	0	0
3.76761	5	462.259	3.00014	1323.45	0	0.00644831	0	0
4.52114	6	348.861	3.00014	1375.55	1.00002	0.00852648	351.856	348.856
5.27466	7	327.632	2.00006	1374.55	0	0.00606755	0	0
6.02818	8	269.102	1.00002	1389.16	0	0.00370236	0	0
6.7817	9	185.524	0	1395.29	0	0	0	0
7.53523	10	190.553	1.00002	1342.2	0	0.00522057	0	0
8.28875	11	149.344	0	1365.17	0	0	0	0
9.04227	12	141.304	0	1419.34	0	0	0	0
9.79579	13	161.397	0	1416.17	0	0	0	0
10.5493	14	122.228	1.00002	1390.07	0	0.00811518	0	0
11.3028	15	141.304	1.00002	1428.75	0	0.0070273	0	0
12.0564	16	118.213	0	1422.48	0	0	0	0
12.8099	17	136.283	0	1375.55	0	0	0	0
13.5634	18	128.251	1.00002	1375.55	0	0.00773702	0	0
14.3169	19	153.358	0	1426.65	0	0	0	0
15.0705	20	130.259	1.00005	1362	0	0.0076189	0	0
15.824	21	121.224	1.00005	1473.65	0	0.00818207	0	0
16.5775	22	152.354	1.00002	1462.14	0	0.00652097	0	0
17.331	23	141.304	0	1478.06	0	0	0	0
18.0845	24	134.275	1.00002	1411.03	0	0.00739248	0	0
18.8381	25	131.263	1.00002	1422.52	0	0.00756083	0	0
19.5916	26	115.202	0	1501.04	0	0	0	0
20.3451	27	124.235	0	1380.73	0	0	0	0
21.0986	28	128.258	0	1351.65	0	0	0	0
21.8522	29	147.335	0	1345.37	0	0	0	0
22.6057	30	132.267	0	1345.32	0	0	0	0
23.3592	31	143.313	0	1391.38	0	0	0	0
24.1127	32	150.344	1.00002	1372.47	0	0.00660755	0	0
24.8662	33	162.402	0	1517.7	1.00002	0	162.399	162.399
25.6198	34	195.583	0	1762.79	0	0	0	0
26.3733	35	475.447	4.00024	2272.33	2.00006	0.00834345	239.716	237.716
27.1268	36	1585.91	7.00075	2474.37	2.00006	0.00439495	796.43	792.93
27.8803	37	5050.38	21.0067	2482.59	21.0067	0.00414221	241.417	240.417
28.6339	38	12332.9	58.053	1806.36	61.0568	0.0046851	202.942	201.991
29.3874	39	18681.3	96.1438	1080.93	109.185	0.00512018	171.979	171.098
30.1516	40	19300.8	110.191	603.007	177.48	0.00567674	109.37	108.749
30.9621	41	13414.6	74.0858	346.989	348.85	0.00549244	38.6661	38.4538
31.7727	42	8913.92	47.0337	160.412	479.535	0.00524875	18.6867	18.5887
32.5832	43	7048.09	54.0445	80.1076	595.376	0.00760962	11.9288	11.838
33.3938	44	6831.03	53.0429	28.0128	605.636	0.00770517	11.3667	11.2791
34.2043	45	6832.25	51.0413	19.0061	637.174	0.00741525	10.8028	10.7227
35.0149	46	7098.07	62.0606	10.0015	614.749	0.00866753	11.6472	11.5463
35.8254	47	6855.31	68.0707	5.00038	668.779	0.00983199	10.3523	10.2505
36.636	48	6350.1	69.077	4.00024	708.694	0.010761	9.05775	8.96028
37.4465	49	6283	55.0462	3.00023	707.716	0.00868505	8.95563	8.87785
38.2571	50	6238.9	75.086	3.00014	745.53	0.011892	8.46913	8.36841
39.0676	51	5836.3	118.217	10.0018	754.646	0.0198533	7.89047	7.73382
39.8782	52	5623.76	223.762	2.00006	806.902	0.0382661	7.24688	6.96957
40.6888	53	5314.71	369.082	1.00002	828.409	0.0649359	6.8611	6.41557
41.4993	54	5014.21	616.776	1.00005	840.745	0.109533	6.69762	5.96401
42.3099	55	4699.52	948.863	3.00014	845.902	0.167989	6.67735	5.55563
43.1204	56	4210.59	1384.03	2.00006	852.139	0.247386	6.56539	4.9412
43.931	57	3810.29	1794.69	0	851.03	0.320196	6.5861	4.47726
44.7415	58	3514.86	2212.5	3.00023	882.813	0.386303	6.48763	3.98144
45.5521	59	3169.98	2450	0	851.033	0.435944	6.60371	3.72486
46.3626	60	3056.97	2478.12	0	813.028	0.44771	6.80799	3.75998
47.1732	61	2921.47	2535.94	3.00014	842.797	0.464679	6.47536	3.4664
47.9837	62	2837.19	2639.27	1.00002	880.785	0.48193	6.21769	3.2212
48.7943	63	2796.59	2705.21	3.00023	866.486	0.491696	6.34955	3.2275
49.6048	64	2798.68	2603.01	0	873.622	0.481888	6.18309	3.20353
50.4154	65	2886.96	2681.32	2.00012	886.95	0.481535	6.27801	3.25493
51.2259	66	2709.15	2624.01	2.00006	871.595	0.492017	6.11885	3.10827
52.0365	67	2856.37	2624.84	0	869.514	0.478879	6.30377	3.28502
52.8471	68	2865.56	2591.02	0	875.595	0.474843	6.23185	3.2727
53.6576	69	2791.14	2669.3	0	868.433	0.488843	6.28769	3.214
54.4682	70	2909.63	2588.35	0	870.568	0.470782	6.31539	3.34222
55.2787	71	3039.8	2460.47	1.00005	880.867	0.447336	6.24415	3.45092
56.0893	72	3150.44	2343.38	1.00002	851.059	0.426548	6.45528	3.70179
56.8998	73	3442.56	2108.93	0	865.406	0.379885	6.4149	3.97797
57.7104	74	3804.79	1733.19	1.00002	853.112	0.312965	6.49151	4.4599
58.5209	75	4307.32	1413.12	4.00024	899.31	0.24703	6.36093	4.78959
59.3315	76	4620.56	991.923	1.00002	934.249	0.176735	6.00748	4.94575
60.142	77	4951.49	694.347	1.00002	881.759	0.122984	6.40293	5.61547
60.9526	78	5192.57	426.793	1.00005	834.615	0.0759504	6.73289	6.22152
61.7631	79	5138.02	245.928	2.00006	876.65	0.045678	6.1415	5.86097
62.5737	80	5345.96	136.283	1.00005	867.406	0.024859	6.32028	6.16316
63.3842	81	5405.18	77.0906	1.00002	895.136	0.0140618	6.12451	6.03839
64.1948	82	5443.74	62.0587	1.00002	970.343	0.0112715	5.67408	5.61012
65.0053	83	5304.77	34.0177	3.00023	950.717	0.00637179	5.61554	5.57976
65.8159	84	5431.94	25.0103	0	935.365	0.0045832	5.83404	5.8073
66.6265	85	5484.58	18.0049	0	924.989	0.00327209	5.94881	5.92934
67.437	86	5436.85	11.0018	2.00006	909.534	0.00201948	5.98971	5.97762
68.2476	87	5513.61	17.0044	1.00008	921.903	0.0030746	5.99913	5.98068
69.0581	88	4973.61	18.0049	3.00023	807.878	0.00360704	6.17868	6.15639
69.8687	89	5068.05	5.00053	7.00081	880.785	0.000985705	5.75969	5.75402
70.6792	90	4909.96	7.00075	30.0147	903.366	0.0014238	5.44293	5.43518
71.4898	91	4694.9	15.0034	72.0814	910.591	0.00318551	5.17236	5.15588
72.3003	92	4278.67	10.0015	190.565	895.143	0.00233208	4.79105	4.77988
73.1109	93	3780.6	8.00098	446.035	939.394	0.00211186	4.03302	4.0245
73.9214	94	3265.96	9.00124	997.046	872.514	0.0027485	3.75347	3.74316
74.732	95	2765.75	7.00075	1651.31	770	0.00252484	3.60097	3.59188
75.5425	96	2268.9	9.00124	2529.94	614.749	0.00395154	3.70542	3.69078
76.3531	97	1899.1	3.00014	3469.21	509.947	0.00157728	3.72999	3.7241
77.1636	98	1415.12	2.00018	4184.07	356.948	0.00141144	3.97011	3.9645
77.9742	99	1160.34	4.00024	5051.88	261.045	0.00343564	4.4603	4.44498
78.7847	100	842.797	4.00024	5438.83	169.437	0.00472397	4.9977	4.97409
79.5953	101	603.561	1.00002	5946.3	114.199	0.00165412	5.29394	5.28518
80.4059	102	463.259	2.00006	5954.11	97.1468	0.00429881	4.78924	4.76865
81.2164	103	324.602	2.00006	6032.8	65.0646	0.00612384	5.01967	4.98893
82.027	104	217.722	0	5984.72	61.0587	0	3.56578	3.56578
82.8375	105	194.577	1.00002	5860.03	57.0496	0.00511316	3.42818	3.41065
83.6481	106	174.469	1.00002	5853.65	39.0232	0.0056991	4.49653	4.4709
84.4586	107	137.287	1.00002	5492.49	38.0221	0.00723144	3.63703	3.61073
85.2692	108	117.209	0	5205.16	37.0209	0	3.16603	3.16603
86.0797	109	113.195	1.00002	4962.13	18.0049	0.00875706	6.34244	6.2869
86.8903	110	105.169	0	4733.17	21.0067	0	5.00642	5.00642
87.7008	111	101.159	2.00006	4485.96	17.0044	0.0193881	6.06661	5.94899
88.5114	112	94.1351	2.00006	4358.12	22.0074	0.0208047	4.36831	4.27743
89.3219	113	84.1079	0	4261.74	14.003	0	6.00642	6.00642
90.1325	114	70.0749	0	4023.83	14.003	0	5.00428	5.00428
90.943	115	69.0727	2.00006	3920.08	16.0039	0.028141	4.44097	4.31599
91.7536	116	77.0906	0	3767.74	9.00124	0	8.56445	8.56445
92.5641	117	58.0514	0	3731.48	8.00098	0	7.25554	7.25554
93.3747	118	65.0665	1.00002	3656.35	6.00055	0.0151365	11.0101	10.8434
94.1853	119	47.0337	0	3430.23	6.00055	0	7.83824	7.83824
94.9958	120	46.0323	1.00002	3293.38	4.00024	0.0212623	11.7574	11.5074
95.8064	121	54.0445	0	3277.59	5.00038	0	10.8081	10.8081
96.6169	122	57.0496	0	3223.89	4.00024	0	14.2615	14.2615
97.4275	123	57.0496	0	3129.53	9.00124	0	6.33798	6.33798
