# depth_nm	scan	16O-	18O-	Si-	WO3-	f18 = 18O-/(16O-+18O-)	O_over_W = (16O-+18O-)/WO3-	16O-_over_WO3-
0	0	1000.72	5.00076	35.0374	6.0011	0.00497232	167.589	166.756
0.531758	1	1835.1	3.00027	105.364	1.00015	0.00163227	1837.82	1834.82
1.06352	2	2522.31	4.00049	532.827	0	0.00158353	0	0
1.59527	3	2308.09	4.00049	1277.59	0	0.00173024	0	0
2.12703	4	1767.65	8.00195	1900.34	0	0.00450648	0	0
2.65879	5	1339.65	2.00012	2208.5	0	0.0014908	0	0
3.19055	6	995.401	3.00027	2415.98	0	0.00300508	0	0
3.72231	7	795.178	0	2379.51	0	0	0	0
4.25406	8	563.898	4.00049	2475.27	0	0.00704437	0	0
4.78582	9	458.522	0	2580.63	0	0	0	0
5.31758	10	387.619	1.00003	2562.53	0	0.00257329	0	0
5.84934	11	334.41	0	2577.77	0	0	0	0
6.38109	12	265.166	0	2608.6	0	0	0	0
6.91285	13	219.477	1.00003	2565.38	0	0.00453576	0	0
7.44461	14	202.256	0	2708.66	0	0	0	0
7.97637	15	203.256	0	2693.44	0	0	0	0
8.50813	16	166.847	0	2619.56	0	0	0	0
9.03988	17	133.551	0	2645.36	0	0	0	0
9.57164	18	106.344	0	2604.11	0	0	0	0
10.1034	19	160.806	0	2683.93	0	0	0	0
10.6352	20	127.503	0	2624.99	0	0	0	0
11.1669	21	95.2765	1.00003	2734.06	0	0.0103871	0	0
11.6987	22	107.351	0	2586.79	0	0	0	0
12.2304	23	121.471	1.00003	2604.1	0	0.00816542	0	0
12.7622	24	95.2823	0	2601.08	0	0	0	0
13.2939	25	101.313	0	2629.16	0	0	0	0
13.8257	26	102.319	0	2583.79	0	0	0	0
14.3575	27	72.1631	0	2657.88	0	0	0	0
14.8892	28	96.2824	0	2583.63	0	0	0	0
15.421	29	87.2371	1.00003	2666.13	0	0.0113334	0	0
15.9527	30	84.2264	0	2693.66	0	0	0	0
16.4845	31	75.1722	0	2570.56	0	0	0	0
17.0163	32	87.2371	0	2613.34	0	0	0	0
17.548	33	79.1959	0	2620.66	0	0	0	0
18.0798	34	88.2372	0	2668.07	0	0	0	0
18.6115	35	101.319	0	2567.74	0	0	0	0
19.1433	36	105.344	0	2663.43	0	0	0	0
19.675	37	75.1768	0	2629.15	0	0	0	0
20.2068	38	86.2265	0	2665.15	0	0	0	0
20.7386	39	74.1676	0	2577.09	0	0	0	0
21.2703	40	89.2426	0	2573.75	0	0	0	0
21.8021	41	91.2537	1.00003	2568.72	0	0.01084	0	0
22.3338	42	104.351	0	2577.8	0	0	0	0
22.8656	43	100.306	0	2699.43	0	0	0	0
23.3973	44	95.2823	0	2637.79	0	0	0	0
23.9291	45	104.338	0	2620.04	0	0	0	0
24.4609	46	100.313	0	2476.26	1.00003	0	100.31	100.31
24.9926	47	118.434	0	2513.26	3.00027	0	39.4745	39.4745
25.5244	48	142.628	0	2311.41	2.00012	0	71.3095	71.3095
26.0561	49	258.037	0	2107.17	6.0011	0	42.9983	42.9983
26.5879	50	478.051	1.00003	1678.69	14.006	0.00208752	34.2033	34.1319
27.1197	51	921.01	2.00012	1224.57	50.0795	0.00216696	18.4309	18.391
27.6514	52	1542.66	2.00012	914.2	105.361	0.00129486	14.6607	14.6417
28.1832	53	2338.95	7.0015	688.556	255.021	0.0029845	9.19905	9.1716
28.7149	54	3430.19	13.0052	536.862	541.19	0.00377707	6.36226	6.33823
29.2467	55	4865.01	21.0135	417.449	1138.48	0.00430073	4.2917	4.27325
29.7784	56	6202.21	27.0223	286.543	2262.92	0.00433798	2.75274	2.7408
30.4751	57	7148.1	20.0122	193.181	3562.83	0.00279184	2.01192	2.0063
31.2896	58	8022.76	22.0161	128.503	5478.51	0.0027367	1.46843	1.46441
32.1042	59	8079.46	18.011	61.1213	6974.56	0.00222428	1.161	1.15842
32.9187	60	7927.1	33.0333	44.0592	8372.62	0.00414984	0.950734	0.946789
33.7332	61	7503.14	21.0148	21.0135	9199.66	0.00279297	0.817873	0.815589
34.5477	62	6785.1	28.024	22.0148	9227.47	0.00411323	0.738352	0.735315
35.3622	63	6099.36	34.0353	10.0031	9122.39	0.00554918	0.672345	0.668614
36.1767	64	5398.7	17.0088	9.00302	8583.02	0.00314065	0.63098	0.628998
36.9912	65	4938.13	17.0099	6.0011	7778.65	0.00343277	0.637018	0.634831
37.8057	66	4248.75	20.0122	2.00012	7638.97	0.00468806	0.558814	0.556194
38.6202	67	3987.47	13.0052	4.00049	7075.27	0.00325091	0.565416	0.563578
39.4347	68	3811.9	23.0162	2.00012	6762.38	0.00600173	0.567096	0.563693
40.2492	69	3426.02	24.0176	3.00027	6416.68	0.00696155	0.537666	0.533923
41.0638	70	3402.35	31.0294	1.00003	6285.93	0.00903756	0.546201	0.541264
41.8783	71	3460.32	58.1029	1.00003	5960.53	0.0165139	0.590287	0.580539
42.6928	72	3321.3	93.2707	2.00012	5933.38	0.0273155	0.575486	0.559766
43.5073	73	3194.1	129.511	0	5695.55	0.0389668	0.583545	0.560807
44.3218	74	3146.24	197.218	3.00027	5747.07	0.0589863	0.581767	0.547451
45.1363	75	3092.79	261.069	4.00049	5534.39	0.0778415	0.606003	0.55883
45.9508	76	3002.38	291.615	2.00012	5484.79	0.0885293	0.60057	0.547402
46.7653	77	3040.93	313.99	0	5548.47	0.0935908	0.604657	0.548067
47.5798	78	3103.59	300.78	0	5251.39	0.0883513	0.64828	0.591004
48.3943	79	3053.18	379.452	2.00012	5342.11	0.110543	0.642561	0.57153
49.2088	80	3024.26	392.668	1.00003	5438.58	0.114918	0.628276	0.556075
50.0233	81	3014.61	370.15	0	5170.59	0.109358	0.654619	0.583031
50.8379	82	2902.29	391.716	2.00012	5110.58	0.118918	0.644546	0.567898
51.6524	83	3056.59	379.451	3.00027	5117.22	0.110433	0.671466	0.597314
52.4669	84	2977.35	408.114	1.00003	5264.67	0.120549	0.643053	0.565534
53.2814	85	2890.31	384.547	2.00012	5300.42	0.117424	0.617848	0.545298
54.0959	86	3005.58	382.5	0	5297.24	0.112896	0.639594	0.567387
54.9104	87	2879.37	396.815	0	5273.01	0.121121	0.621311	0.546057
55.7249	88	3020.02	368.127	0	5311.02	0.108651	0.637947	0.568633
56.5394	89	2872.78	376.381	0	5170.57	0.115839	0.628396	0.555603
57.3539	90	3059.63	317.146	0	5276.91	0.0939196	0.639916	0.579816
58.1684	91	3121.87	341.535	0	5379.91	0.0986125	0.643766	0.580283
58.9829	92	3135.25	250.958	0	5287.82	0.0741117	0.640379	0.592919
59.7974	93	3158.45	188.087	0	5366.75	0.0562034	0.623569	0.588522
60.612	94	3144.73	165.877	0	5470.87	0.0501048	0.605133	0.574813
61.4265	95	3286.68	96.2882	0	5548.26	0.0284627	0.609735	0.59238
62.241	96	3275.22	80.196	0	5621.06	0.0239004	0.596937	0.58267
63.0555	97	3317.07	42.0539	1.00003	5704.72	0.0125193	0.588833	0.581461
63.87	98	3367.56	42.0539	0	5687.25	0.0123339	0.599518	0.592124
64.6845	99	3290.79	27.0239	0	5658.58	0.00814509	0.586334	0.581558
65.499	100	3336.56	25.0191	0	5703.26	0.00744266	0.589414	0.585027
66.3135	101	3388.8	20.0133	0	5685.11	0.00587106	0.599603	0.596082
67.128	102	3352.35	12.0059	0	5773.35	0.00356855	0.582739	0.580659
67.9425	103	3405.12	17.0088	0	5689.55	0.00497025	0.601476	0.598487
68.757	104	3406.82	15.0069	0	5597.06	0.00438564	0.611361	0.60868
69.5716	105	3348.1	16.0078	0	5640.17	0.00475841	0.596456	0.593618
70.3861	106	3506.4	9.00302	0	5633.62	0.00256102	0.624004	0.622406
71.2006	107	3369.79	15.0069	1.00003	5745.76	0.00443361	0.589095	0.586483
72.0151	108	3582.78	18.0099	1.00003	5872.02	0.00500165	0.613211	0.610144
72.8296	109	4015.64	19.011	2.00012	5872.56	0.00471194	0.687035	0.683798
73.6441	110	4804.01	18.0099	8.00195	5003.9	0.00373492	0.963652	0.960053
74.4586	111	5696.38	30.0275	29.0257	3637.25	0.00524369	1.57438	1.56612
75.2731	112	6811.88	26.0207	93.2821	2384.46	0.00380536	2.86769	2.85678
76.0876	113	7577.75	29.0275	285.508	1387.07	0.003816	5.48407	5.46315
76.9021	114	7732.46	15.0069	584.514	724.572	0.001937	10.6925	10.6718
77.7166	115	5918.79	25.0221	923.301	334.641	0.00420978	17.7617	17.687
78.5311	116	3654.23	8.00195	1037.6	163.881	0.00218499	22.3469	22.2981
79.3457	117	1843.17	8.00195	860.514	60.1237	0.00432264	30.7894	30.6563
80.1602	118	1046.13	3.00027	940.779	30.0312	0.00285977	34.9348	34.8349
80.9747	119	547.303	1.00003	947.256	18.0099	0.00182386	30.4446	30.389
81.7892	120	314.028	0	940.72	21.016	0	14.9423	14.9423
82.6037	121	228.601	0	982.273	13.0052	0	17.5777	17.5777
83.4182	122	150.709	0	942.313	17.0088	0	8.86066	8.86066
84.2327	123	121.449	0	997.214	10.0037	0	12.1405	12.1405
85.0472	124	109.371	1.00003	986.585	9.00247	0.00906063	12.2601	12.149
85.8617	125	89.2481	2.00012	1003	14.006	0.0219196	6.51494	6.37214
86.6762	126	86.2265	1.00003	1093.6	7.0015	0.0114648	12.4583	12.3154
87.4907	127	69.1542	1.00003	1106.45	9.00247	0.0142548	7.79277	7.68169
88.3052	128	54.0892	0	1164.25	5.00076	0	10.8162	10.8162
89.1198	129	43.0592	0	1151.19	8.00244	0	5.38075	5.38075
89.9343	130	49.0734	0	1205.72	3.00027	0	16.3563	16.3563
90.7488	131	46.0675	0	1207.33	5.00076	0	9.2121	9.2121
91.5633	132	49.0734	0	1201.1	4.00073	0	12.2661	12.2661
92.3778	133	38.0441	2.00012	1341.04	3.00027	0.0499478	13.3469	12.6802
93.1923	134	38.0441	1.00003	1305.75	5.00076	0.0256128	7.80764	7.60767
94.0068	135	25.0191	1.00003	1259.13	9.00296	0.0384344	2.89006	2.77898
94.8213	136	40.0489	0	1416.04	1.00003	0	40.0477	40.0477
95.6358	137	40.0489	0	1370.48	4.00049	0	10.011	10.011
96.4503	138	33.0353	1.00003	1400.59	2.00012	0.0293821	17.0166	16.5166
97.2648	139	25.0191	0	1368.91	3.00027	0	8.33893	8.33893
98.0793	140	31.0294	0	1513.51	5.00076	0	6.20493	6.20493
98.8939	141	27.0223	0	1477	4.00049	0	6.75474	6.75474
99.7084	142	34.0353	0	1429.69	2.00012	0	17.0166	17.0166
100.523	143	30.0312	0	1538.06	0	0	0	0
101.337	144	28.0257	0	1490.34	1.00003	0	28.0248	28.0248
