# depth_nm	scan	16OCs2+	18OCs2+	SiCs+	WCs+	f18 = 18OCs2+/(16OCs2++18OCs2+)	O_over_W = (16OCs2++18OCs2+)/WCs+	16OCs2+_over_WCs+
0	0	17.0104	13.0083	187.932	21.0115	0.43334	1.42868	0.809575
0.54117	1	889.977	4.00024	1374.58	0	0.00447466	0	0
1.08234	2	1469.51	1.00002	1670.09	0	0.000680048	0	0
1.62351	3	1334.82	6.00055	1567.02	1.00002	0.00447528	1340.8	1334.8
2.16468	4	1042.41	4.00024	1361	0	0.00382284	0	0
2.70585	5	714.739	0	1252.8	0	0	0	0
3.24702	6	564.858	3.00014	1332.82	1.00005	0.00528325	567.832	564.832
3.78819	7	484.595	1.00002	1290.15	0	0.00205936	0	0
4.32936	8	378.174	2.00006	1246.45	0	0.00526091	0	0
4.87053	9	339.787	2.00006	1318.24	0	0.00585178	0	0
5.4117	10	272.127	0	1359.87	0	0	0	0
5.95287	11	272.127	0	1415.21	0	0	0	0
6.49404	12	236.854	1.00002	1353.7	0	0.00420432	0	0
7.03521	13	201.619	1.00002	1281.82	0	0.00493545	0	0
7.57638	14	195.583	0	1366.17	0	0	0	0
8.11755	15	179.491	0	1374.47	0	0	0	0
8.65872	16	175.474	1.00002	1353.66	0	0.00566663	0	0
9.19989	17	163.407	2.00006	1306.83	0	0.0120918	0	0
9.74106	18	167.427	2.00006	1365.04	0	0.0118048	0	0
10.2822	19	151.349	0	1296.35	0	0	0	0
10.8234	20	153.358	0	1357.91	0	0	0	0
11.3646	21	154.363	0	1294.23	0	0	0	0
11.9057	22	148.335	0	1351.53	0	0	0	0
12.4469	23	156.373	0	1345.32	0	0	0	0
12.9881	24	146.331	1.00002	1395.38	0	0.00678755	0	0
13.5293	25	123.231	2.00006	1322.37	0	0.0159709	0	0
14.0704	26	141.304	0	1361	0	0	0	0
14.6116	27	136.283	0	1381.9	0	0	0	0
15.1528	28	135.279	0	1367.17	0	0	0	0
15.6939	29	167.427	1.00002	1389.07	0	0.00593738	0	0
16.2351	30	128.251	0	1459.14	0	0	0	0
16.7763	31	158.387	0	1395.29	0	0	0	0
17.3174	32	115.202	1.00002	1317.16	0	0.00860581	0	0
17.8586	33	148.34	1.00002	1366.13	0	0.00669624	0	0
18.3998	34	163.407	1.00002	1346.32	0	0.00608257	0	0
18.941	35	146.326	1.00005	1278.7	0	0.00678797	0	0
19.4821	36	151.349	1.00002	1375.6	0	0.00656398	0	0
20.0233	37	158.382	1.00002	1336.95	0	0.00627432	0	0
20.5645	38	163.407	1.00002	1320.37	0	0.00608257	0	0
21.1056	39	133.275	3.00014	1351.53	0	0.0220153	0	0
21.6468	40	138.291	0	1365.13	0	0	0	0
22.188	41	126.243	1.00002	1297.47	0	0.00785911	0	0
22.7292	42	151.349	0	1347.41	0	0	0	0
23.2703	43	154.363	0	1396.33	0	0	0	0
23.8115	44	139.296	1.00002	1380.68	0	0.00712791	0	0
24.3527	45	156.373	0	1509.32	0	0	0	0
24.8938	46	240.891	0	1662.52	1.00002	0	240.887	240.887
25.435	47	360.992	1.00002	2119.33	4.00024	0.00276253	90.4925	90.2425
25.9762	48	781.264	1.00002	2616.17	6.00055	0.00127836	130.365	130.199
26.5173	49	1484.34	5.00038	3168.85	13.003	0.00335745	114.538	114.154
27.0585	50	2713.85	14.003	3279.53	38.0221	0.00513333	71.7441	71.3758
27.5997	51	4345	22.0074	3283.48	63.0606	0.00503947	69.2509	68.9019
28.1409	52	6698.27	32.0156	2805.62	69.0727	0.00475695	97.4377	96.9742
28.682	53	9373.44	24.0095	2081.09	99.1499	0.0025549	94.7803	94.5381
29.2232	54	11934.7	42.0282	1392.68	102.159	0.00350915	117.236	116.825
29.7644	55	13851.9	44.0296	827.032	137.287	0.00316852	101.218	100.897
30.4771	56	14768.4	47.0337	470.548	124.242	0.00317465	119.246	118.867
31.3222	57	14450.4	51.0413	291.514	145.322	0.00351974	99.7886	99.4374
32.1672	58	12993.2	59.0532	211.838	146.331	0.00452436	89.1972	88.7936
33.0123	59	11599.2	49.0367	141.347	162.402	0.0042098	71.7247	71.4227
33.8573	60	9985.4	42.0269	84.113	173.458	0.0041912	57.8089	57.5666
34.7024	61	8812.03	53.0445	39.0268	190.553	0.00598354	46.5229	46.2445
35.5474	62	7694.87	34.0177	29.0137	216.722	0.00440136	35.6627	35.5058
36.3925	63	6794.38	41.0257	18.006	198.601	0.00600194	34.4179	34.2113
37.2376	64	6446.41	38.0232	11.0018	231.825	0.00586377	27.9712	27.8072
38.0826	65	6133.4	62.0606	7.00075	223.762	0.0100171	27.6877	27.4103
38.9277	66	5865.62	68.0707	5.00038	235.847	0.0114719	25.1591	24.8705
39.7727	67	5774.21	104.165	4.00037	208.669	0.0177201	28.1708	27.6716
40.6178	68	5535.57	145.322	2.00006	240.898	0.0255808	23.5821	22.9789
41.4628	69	5492.14	256.005	3.00014	232.847	0.044537	24.6864	23.5869
42.3079	70	5298.63	369.092	1.00002	230.825	0.0651217	24.5542	22.9552
43.153	71	5164.82	413.612	0	224.769	0.0741449	24.8185	22.9783
43.998	72	5001.87	550.6	2.00006	218.728	0.099163	25.3852	22.868
44.8431	73	5154.28	573.051	3.00023	232.839	0.100056	24.5978	22.1366
45.6881	74	5094.95	637.214	1.00005	233.832	0.111165	24.514	21.7889
46.5332	75	4977.24	666.82	3.00014	225.776	0.118145	24.9985	22.045
47.3782	76	4996.54	704.585	2.00006	230.818	0.123587	24.6996	21.6471
48.2233	77	5041.04	690.261	0	232.832	0.120437	24.6156	21.6509
49.0683	78	4924.68	706.585	3.00014	203.631	0.125475	27.6542	24.1843
49.9134	79	5055.71	695.347	2.00006	239.883	0.120908	23.9744	21.0757
50.7585	80	4970.43	682.112	1.00002	261.037	0.120674	21.6542	19.0411
51.6035	81	4955.4	717.849	0	252.997	0.126532	22.4242	19.5868
52.4486	82	5070.07	700.476	2.00006	255.005	0.121388	22.6291	19.8822
53.2936	83	5011.04	718.916	2.00006	238.869	0.125466	23.9879	20.9782
54.1387	84	5193.81	701.498	1.00002	240.883	0.118993	24.4737	21.5615
54.9837	85	5063.22	654.513	2.00012	223.762	0.114471	25.5527	22.6277
55.8288	86	4981.73	644.352	3.00014	262.053	0.114529	21.4693	19.0104
56.6739	87	5027.71	513.01	1.00005	268.094	0.0925892	20.6671	18.7535
57.5189	88	5418.88	375.139	1.00002	259.037	0.064746	22.3675	20.9193
58.364	89	5391.1	271.143	0	220.742	0.0478862	25.651	24.4226
59.209	90	5343.96	211.682	1.00005	259.021	0.0381022	21.4486	20.6314
60.0541	91	5578.78	157.382	1.00002	246.928	0.0274369	23.2301	22.5927
60.8991	92	5592.76	102.159	4.00037	248.943	0.0179387	22.8764	22.466
61.7442	93	5530.74	64.0626	0	260.036	0.0114504	21.5155	21.2691
62.5893	94	5736.04	45.0309	2.00006	217.728	0.00778937	26.5518	26.3449
63.4343	95	5538.26	43.0282	1.00002	233.847	0.00770937	23.8673	23.6833
64.2794	96	5581.91	27.0113	1.00002	220.742	0.00481577	25.4094	25.287
65.1244	97	5592.24	32.0156	3.00014	252.982	0.00569242	22.2319	22.1053
65.9695	98	5595.62	24.0088	0	233.847	0.00427231	24.0313	23.9286
66.8145	99	5451.84	25.0101	1.00002	246.928	0.00456651	22.18	22.0787
67.6596	100	5571.03	24.0088	0	271.119	0.00429109	20.6369	20.5483
68.5046	101	5668.55	21.0067	1.00005	239.876	0.00369216	23.7187	23.6312
69.3497	102	5869.41	26.0103	1.00002	274.144	0.00441196	21.5049	21.41
70.1948	103	6158.33	20.0061	9.00124	264.061	0.0032381	23.3974	23.3216
71.0398	104	6385.91	24.0088	27.0111	329.663	0.00374557	19.4439	19.371
71.8849	105	5980.91	28.012	111.188	395.376	0.00466173	15.198	15.1272
72.7299	106	5511.61	26.0103	361.036	404.486	0.00469702	13.6905	13.6262
73.575	107	4894.01	18.0049	708.651	372.105	0.00366549	13.2006	13.1522
74.42	108	4674.82	22.0074	1488.8	286.247	0.00468558	16.4083	16.3314
75.2651	109	4122.62	20.0061	2579.49	228.797	0.00482932	18.1061	18.0187
76.1102	110	2894.31	15.0034	4080.04	155.368	0.00515703	18.7253	18.6288
76.9552	111	1743.74	8.00098	5688.64	131.263	0.00456744	13.3453	13.2844
77.8003	112	1077.52	2.00006	6559.12	100.159	0.00185273	10.7781	10.7581
78.6453	113	687.155	2.00006	7144.83	70.0749	0.00290219	9.83455	9.80601
79.4904	114	474.432	4.00024	7309.97	92.1294	0.00836114	5.19305	5.14963
80.3354	115	384.244	2.00006	6978.54	65.0646	0.00517823	5.93632	5.90558
81.1805	116	287.255	2.00006	7041.21	47.0337	0.00691451	6.14996	6.10743
82.0256	117	254.997	1.00002	6888.3	43.0282	0.00390636	5.9495	5.92626
82.8706	118	231.818	1.00002	6592.58	45.0309	0.00429526	5.17018	5.14797
83.7157	119	201.619	0	6472.11	29.0128	0	6.9493	6.9493
84.5607	120	167.432	0	5980.72	42.0269	0	3.98392	3.98392
85.4058	121	171.448	0	6037.99	23.0081	0	7.45163	7.45163
86.2508	122	155.368	1.00002	5727.36	21.0074	0.00639528	7.44347	7.39587
87.0959	123	136.283	0	5604.25	21.0067	0	6.48759	6.48759
87.9409	124	118.213	2.00006	5373.05	23.0081	0.0166376	5.22482	5.13789
88.786	125	107.175	1.00002	5094.09	18.0049	0.00924441	6.00808	5.95254
89.6311	126	91.1294	1.00002	4998.07	13.0026	0.0108545	7.08547	7.00856
90.4761	127	83.1104	1.00002	4810.4	15.0039	0.0118893	5.6059	5.53925
91.3212	128	84.1079	0	4724.39	10.0015	0	8.4095	8.4095
92.1662	129	101.156	0	4471.28	8.00098	0	12.643	12.643
93.0113	130	86.1131	0	4287.37	10.0015	0	8.60999	8.60999
93.8563	131	74.0837	0	4239.22	10.0015	0	7.40724	7.40724
94.7014	132	65.0665	1.00002	4129.43	7.00075	0.0151365	9.43707	9.29423
95.5465	133	62.0587	0	3957.17	15.0034	0	4.1363	4.1363
96.3915	134	50.0382	1.00002	4046.44	5.00038	0.0195935	10.2069	10.0069
97.2366	135	57.0496	1.00002	3914.57	1.00002	0.0172269	58.0488	57.0488
98.0816	136	66.0666	0	3803.93	8.00098	0	8.25731	8.25731
98.9267	137	78.093	1.00002	3666.42	4.00024	0.0126435	19.772	19.5221
