# depth_nm	scan	16O-	18O-	Si-	WO3-	f18 = 18O-/(16O-+18O-)	O_over_W = (16O-+18O-)/WO3-	16O-_over_WO3-
0	0	409.191	0	22.0148	5.00137	0	81.8157	81.8157
0.633734	1	1654.78	2.00012	133.559	1.00021	0.00120723	1656.43	1654.43
1.26747	2	1975.26	4.00073	785.319	0	0.00202132	0	0
1.9012	3	1556.35	1.00003	1418.04	0	0.000642135	0	0
2.53493	4	1059.4	0	1841.77	0	0	0	0
3.16867	5	712.615	1.00003	2028.77	0	0.00140136	0	0
3.8024	6	501.694	1.00003	2158.03	0	0.00198934	0	0
4.43614	7	396.913	1.00003	2212.84	0	0.00251319	0	0
5.06987	8	309.951	2.00012	2235.63	0	0.00641165	0	0
5.7036	9	225.615	1.00003	2167.76	0	0.00441291	0	0
6.33734	10	182.03	0	2282.74	0	0	0	0
6.97107	11	138.584	0	2272.84	0	0	0	0
7.6048	12	110.378	0	2335.16	0	0	0	0
8.23854	13	90.2647	0	2328.15	0	0	0	0
8.87227	14	88.2372	0	2146.07	0	0	0	0
9.50601	15	59.1101	0	2259.37	0	0	0	0
10.1397	16	60.1175	0	2251.17	0	0	0	0
10.7735	17	55.0925	0	2219.31	0	0	0	0
11.4072	18	35.0396	0	2170.03	0	0	0	0
12.0409	19	51.0795	0	2298.72	0	0	0	0
12.6747	20	32.0313	0	2249.11	0	0	0	0
13.3084	21	42.0539	0	2254.3	0	0	0	0
13.9421	22	33.0333	0	2169.07	0	0	0	0
14.5759	23	36.0418	1.00003	2244.37	0	0.0269973	0	0
15.2096	24	24.0205	0	2187.15	0	0	0	0
15.8433	25	29.031	0	2268.24	0	0	0	0
16.4771	26	36.0418	0	2292.16	0	0	0	0
17.1108	27	39.0465	0	2181.63	0	0	0	0
17.7445	28	28.0274	0	2169.33	0	0	0	0
18.3783	29	29.0257	0	2267.79	0	0	0	0
19.012	30	43.0592	0	2214.68	0	0	0	0
19.6457	31	37.0418	0	2205.69	0	0	0	0
20.2795	32	37.0418	0	2212.83	0	0	0	0
20.9132	33	28.024	0	2183.62	0	0	0	0
21.5469	34	34.0353	0	2180.4	0	0	0	0
22.1807	35	45.0619	0	2195.41	0	0	0	0
22.8144	36	43.0565	0	2250.14	0	0	0	0
23.4481	37	42.0539	0	2189.3	0	0	0	0
24.0819	38	38.0441	0	2240.56	0	0	0	0
24.7156	39	51.0795	0	2221.02	0	0	0	0
25.3493	40	45.0647	2.00012	2138.79	0	0.0424972	0	0
25.9831	41	54.0892	0	1960.32	0	0	0	0
26.6168	42	100.313	0	1582.89	0	0	0	0
27.2505	43	277.385	0	1121.37	13.0052	0	21.3289	21.3289
27.8843	44	720.022	2.00012	869.169	19.011	0.00277017	37.9791	37.8739
28.518	45	1869.53	4.00049	756.752	57.0994	0.00213526	32.8118	32.7418
29.1518	46	4060.67	21.0135	645.834	371.356	0.00514823	10.9913	10.9347
29.7855	47	6426.55	31.0294	413.396	1380.82	0.00480511	4.67663	4.65415
30.5165	48	8178.13	43.0592	199.231	3474.42	0.00523759	2.3662	2.35381
31.2972	49	8281.97	45.0619	103.325	6027.92	0.00541152	1.38141	1.37394
32.078	50	7538.52	47.0703	47.0675	7625.43	0.00620523	0.994775	0.988602
32.8587	51	6257.89	30.0293	25.0206	7832.97	0.00477572	0.802751	0.798917
33.6395	52	4964.41	34.0353	10.0031	7198.78	0.00680918	0.694347	0.689619
34.4202	53	4353.28	18.0099	10.0031	6149.88	0.00412004	0.710793	0.707865
35.201	54	3519.42	16.0078	8.00195	5646.02	0.00452783	0.626181	0.623345
35.9817	55	3349.59	20.0122	3.00027	5155.48	0.00593905	0.653596	0.649714
36.7624	56	3119.29	15.0069	2.00012	4896.1	0.00478796	0.640162	0.637097
37.5432	57	3163.46	24.0176	5.00076	4638.78	0.00753498	0.687138	0.68196
38.3239	58	3183.2	24.0176	0	4692.01	0.00748861	0.683548	0.678429
39.1047	59	3126.3	23.0162	0	4651.85	0.00730831	0.677002	0.672054
39.8854	60	3367.33	30.0293	4.00049	4698.93	0.00883903	0.723006	0.716616
40.6662	61	3184.06	41.0514	1.00003	4524.83	0.0127287	0.712757	0.703685
41.4469	62	3111.81	59.1065	0	4442.3	0.0186402	0.713802	0.700496
42.2277	63	3083.95	130.534	0	4317.71	0.0406082	0.744488	0.714256
43.0084	64	2990.95	202.28	0	4151.21	0.0633467	0.769228	0.7205
43.7892	65	2923.91	356.924	0	4072.14	0.108791	0.805678	0.718028
44.5699	66	2869.82	465.754	0	4128.92	0.139632	0.807855	0.695053
45.3507	67	2793.47	617.607	0	3817.84	0.181059	0.893457	0.731688
46.1314	68	2716.23	707.172	0	3946.85	0.20657	0.867376	0.688203
46.9122	69	2689.94	720.753	0	3699.33	0.211322	0.921974	0.727141
47.6929	70	2745.2	760.753	0	3674.29	0.216989	0.954184	0.747137
48.4737	71	2498.92	781.71	0	3602.85	0.238281	0.910564	0.693594
49.2544	72	2546.14	754.468	0	3583.2	0.228585	0.921132	0.710576
50.0352	73	2567.38	772.333	0	3522.53	0.231257	0.948102	0.728847
50.8159	74	2505.89	811.986	0	3608.18	0.244731	0.919544	0.694504
51.5966	75	2538.12	795.476	0	3565.81	0.238624	0.93488	0.711795
52.3774	76	2483.28	757.658	0	3582.99	0.233777	0.904535	0.693075
53.1581	77	2617.78	722.888	0	3553.22	0.216391	0.94018	0.736734
53.9389	78	2491.75	828.071	0	3764.04	0.249432	0.881984	0.661989
54.7196	79	2503.09	800.829	0	3589	0.242388	0.920568	0.697434
55.5004	80	2462.95	778.532	0	3494.53	0.240178	0.927586	0.704801
56.2811	81	2641.82	755.374	0	3593.42	0.222352	0.945393	0.735182
57.0619	82	2664.3	687.684	0	3649.25	0.205157	0.918541	0.730096
57.8426	83	2600.35	649.997	0	3695.62	0.199978	0.879515	0.703632
58.6234	84	2895.82	516.074	0	3865.29	0.151257	0.882699	0.749185
59.4041	85	3017.85	436.806	0	4007.15	0.12644	0.862124	0.753117
60.1849	86	3104.8	363.059	0	4247.78	0.104693	0.816392	0.730922
60.9656	87	3194.44	260.085	0	4377.62	0.0752883	0.789132	0.72972
61.7464	88	3123.59	195.17	0	4230.88	0.0588081	0.784414	0.738284
62.5271	89	3250.08	106.357	0	4435.46	0.0316876	0.756728	0.732749
63.3079	90	3301.27	90.2481	0	4402.24	0.0266099	0.770408	0.749907
64.0886	91	3311.95	62.1214	0	4452.66	0.0184114	0.757765	0.743814
64.8694	92	3181.41	39.0513	0	4433.65	0.012126	0.726367	0.717559
65.6501	93	3217.85	30.0275	0	4412.67	0.00924527	0.736035	0.72923
66.4309	94	3307.27	18.0099	0	4452.84	0.00541606	0.746776	0.742732
67.2116	95	3290.69	18.0099	0	4450.63	0.0054432	0.743423	0.739377
67.9923	96	3295.69	21.0135	0	4476.35	0.00633566	0.740939	0.736244
68.7731	97	3198.8	15.0069	0	4359.56	0.0046695	0.737186	0.733744
69.5538	98	3274.99	23.0162	0	4332.46	0.0069788	0.761232	0.75592
70.3346	99	3362.07	14.0068	0	4447.04	0.00414885	0.759175	0.756026
71.1153	100	3291.91	10.0031	0	4404.29	0.00302947	0.749704	0.747433
71.8961	101	3502.11	16.0078	0	4206.77	0.00455011	0.836299	0.832494
72.6768	102	3813.84	24.0186	3.00027	3980.01	0.00625833	0.964283	0.958249
73.4576	103	4306.86	10.0031	14.006	3330.67	0.0023172	1.29609	1.29309
74.2383	104	4662.61	27.0223	35.0374	2700.88	0.00576213	1.73634	1.72633
75.0191	105	5213.87	19.011	68.1498	2074.19	0.003633	2.52286	2.51369
75.7998	106	5373.68	14.006	188.098	1371.82	0.00259963	3.92741	3.9172
76.5806	107	4968.36	20.0122	323.226	827.155	0.00401177	6.03076	6.00657
77.3613	108	4078.32	13.0052	525.496	440.023	0.00317872	9.29798	9.26842
78.1421	109	2858.89	11.0037	634.43	260.165	0.00383418	11.0311	10.9888
78.9228	110	1904.5	7.00192	672.871	133.551	0.00366305	14.3129	14.2605
79.7036	111	1236.06	4.00049	741.986	73.1676	0.00322605	16.9482	16.8935
80.4843	112	746.042	5.00076	672.787	26.0254	0.00665843	28.858	28.6659
81.2651	113	470.871	4.00049	730.527	23.0176	0.00842436	20.6308	20.457
82.0458	114	289.597	0	820.911	6.0011	0	48.2573	48.2573
82.8265	115	205.281	1.00003	790.274	9.00247	0.00484791	22.9138	22.8027
83.6073	116	135.584	0	782.876	10.0031	0	13.5543	13.5543
84.388	117	86.2265	1.00003	880.833	8.00195	0.0114648	10.9007	10.7757
85.1688	118	71.1543	0	931.774	10.0031	0	7.11326	7.11326
85.9495	119	57.0994	1.00003	925.128	7.0015	0.0172124	8.29814	8.15531
86.7303	120	55.0925	0	996.652	4.00049	0	13.7714	13.7714
87.511	121	40.0538	0	1030.53	8.00195	0	5.0055	5.0055
88.2918	122	39.0489	0	1059.33	2.00024	0	19.5221	19.5221
89.0725	123	41.0539	0	1109.8	5.00076	0	8.20953	8.20953
89.8533	124	34.0353	0	1170.52	1.00003	0	34.0343	34.0343
90.634	125	19.0122	0	1277.92	0	0	0	0
91.4148	126	18.0099	0	1272.43	0	0	0	0
92.1955	127	30.0293	0	1287.42	3.00027	0	10.0089	10.0089
92.9763	128	31.0313	0	1264.01	3.00027	0	10.3428	10.3428
93.757	129	23.0162	0	1357.69	0	0	0	0
94.5378	130	22.0161	1.00003	1399.14	0	0.0434491	0	0
95.3185	131	18.0099	0	1417.77	1.00003	0	18.0093	18.0093
96.0993	132	7.00192	0	1423.59	1.00003	0	7.00171	7.00171
96.88	133	15.0078	0	1479.71	0	0	0	0
97.6607	134	7.00192	0	1427.32	0	0	0	0
98.4415	135	13.0052	0	1423.05	0	0	0	0
99.2222	136	14.006	0	1409.04	0	0	0	0
100.003	137	6.0011	0	1509.5	0	0	0	0
100.784	138	13.0052	0	1510.08	1.00003	0	13.0048	13.0048
