# depth_nm	scan	16O-	18O-	Si-	WO3-	f18 = 18O-/(16O-+18O-)	O_over_W = (16O-+18O-)/WO3-	16O-_over_WO3-
0	0	531.727	0	21.0135	5.00076	0	106.329	106.329
0.643359	1	1878.29	9.00247	188.075	0	0.00477004	0	0
1.28672	2	2605.08	6.0011	814.597	0	0.00229832	0	0
1.93008	3	2041.38	7.0015	1603.48	1.00003	0.00341806	2048.32	2041.32
2.57344	4	1618.33	4.00049	2151.46	0	0.00246589	0	0
3.2168	5	1163.15	2.00012	2323.39	0	0.00171662	0	0
3.86015	6	972.899	2.00012	2569.2	0	0.00205162	0	0
4.50351	7	769.189	1.00003	2564.72	0	0.00129842	0	0
5.14687	8	640.512	2.00012	2532.45	0	0.00311297	0	0
5.79023	9	590.735	1.00003	2500.17	0	0.00169	0	0
6.43359	10	558.513	1.00003	2592.34	0	0.00178732	0	0
7.07695	11	471.785	1.00003	2611.85	0	0.00211519	0	0
7.72031	12	424.556	0	2496.76	0	0	0	0
8.36367	13	428.689	0	2641.57	0	0	0	0
9.00703	14	404.114	1.00003	2593.77	0	0.00246852	0	0
9.65039	15	388.596	0	2517.43	0	0	0	0
10.2937	16	356.858	1.00003	2576.61	0	0.00279449	0	0
10.9371	17	375.311	0	2551.51	0	0	0	0
11.5805	18	389.62	0	2588.16	0	0	0	0
12.2238	19	340.611	2.00012	2562.71	0	0.00583787	0	0
12.8672	20	397.839	0	2535.12	0	0	0	0
13.5105	21	330.368	0	2628.14	0	0	0	0
14.1539	22	361.014	0	2509.41	0	0	0	0
14.7973	23	376.335	0	2569.08	0	0	0	0
15.4406	24	373.311	1.00003	2425.84	0	0.00267166	0	0
16.084	25	384.524	0	2585.81	0	0	0	0
16.7273	26	339.556	0	2577.59	0	0	0	0
17.3707	27	339.535	2.00012	2534.28	0	0.00585627	0	0
18.0141	28	397.913	0	2595.51	0	0	0	0
18.6574	29	364.059	1.00003	2570.41	0	0.00273937	0	0
19.3008	30	305.912	2.00012	2452.51	0	0.00649575	0	0
19.9441	31	347.684	1.00003	2553.67	0	0.00286801	0	0
20.5875	32	356.902	1.00003	2604.25	0	0.00279414	0	0
21.2308	33	365.058	1.00003	2528.28	0	0.00273189	0	0
21.8742	34	314.009	2.00012	2553.5	0	0.00632932	0	0
22.5176	35	333.43	2.00012	2563.72	0	0.00596285	0	0
23.1609	36	342.725	0	2600.07	0	0	0	0
23.8043	37	389.668	0	2493.15	0	0	0	0
24.4476	38	353.858	0	2633.26	0	0	0	0
25.091	39	369.15	0	2519.93	1.00003	0	369.139	369.139
25.7344	40	344.684	0	2449.99	1.00003	0	344.673	344.673
26.3777	41	372.357	3.00027	2140.78	1.00003	0.00799312	375.345	372.345
27.0211	42	430.716	3.00027	1645.2	5.00076	0.0069176	86.73	86.1301
27.6644	43	726.07	1.00003	1089.12	13.0052	0.00137543	55.9063	55.8294
28.3078	44	1766.77	7.0015	949.436	47.0706	0.00394725	37.6831	37.5344
28.9512	45	3917.53	10.0031	810.316	251.035	0.00254691	15.6453	15.6055
29.5945	46	6523.74	17.0099	523.364	1088.55	0.0026006	6.00867	5.99304
30.2939	47	8810.36	47.0675	314.067	3120.12	0.0053139	2.83881	2.82372
31.0887	48	9211.05	44.0592	121.456	6012	0.00476052	1.53944	1.53211
31.8835	49	8582.98	47.0675	77.1862	8065.08	0.00545392	1.07005	1.06421
32.6783	50	7657.61	49.0734	38.0465	8744.8	0.00636764	0.881288	0.875676
33.4731	51	6188.81	29.0257	25.0191	8250.97	0.00466813	0.753589	0.750072
34.2679	52	4998.43	26.0207	20.0159	7108.78	0.00517881	0.706795	0.703134
35.0627	53	4084.06	31.0294	19.011	6366.54	0.00754039	0.646362	0.641488
35.8575	54	3784.39	15.0077	9.00247	5800.77	0.00395001	0.654981	0.652394
36.6523	55	3601.96	23.0162	13.0052	5604.3	0.00634932	0.646821	0.642714
37.4471	56	3518.14	21.0135	7.0015	5292.55	0.00593744	0.668704	0.664733
38.2419	57	3655.48	20.0122	5.00076	5306.47	0.00544477	0.692644	0.688872
39.0367	58	3679.29	27.0256	4.00049	5197.1	0.00729176	0.713151	0.707951
39.8315	59	3673.49	21.0135	4.00049	5216.21	0.00568777	0.708274	0.704245
40.6263	60	3731.78	35.0396	3.00027	5193.77	0.00930217	0.725257	0.718511
41.4211	61	3583.03	69.1499	5.00076	5183.99	0.0189339	0.70451	0.691171
42.2159	62	3678.5	135.576	2.00012	4968.31	0.0355462	0.76768	0.740391
43.0107	63	3602.23	250.958	2.00012	4882.71	0.06513	0.78915	0.737752
43.8055	64	3453.2	380.522	1.00003	4737.93	0.0992567	0.809154	0.72884
44.6003	65	3459.67	536.928	2.00012	4716.7	0.134346	0.84733	0.733494
45.3952	66	3238.11	691.6	3.00027	4499.45	0.175993	0.873375	0.719667
46.19	67	3123.08	711.304	3.00027	4406.01	0.185507	0.870263	0.708824
46.9848	68	3096.23	839.494	3.00027	4299.64	0.213301	0.915362	0.720114
47.7796	69	3073.3	868.896	3.00027	4182.7	0.220409	0.9425	0.734764
48.5744	70	2985.55	842.706	3.00027	4149.09	0.220128	0.922674	0.719568
49.3692	71	2885.31	838.389	1.00003	4200.06	0.225149	0.886583	0.686969
50.164	72	2909.85	881.891	1.00003	4042.53	0.232582	0.937962	0.719809
50.9588	73	2990.14	918.662	1.00003	4012.81	0.235024	0.974081	0.745149
51.7536	74	2929.01	906.856	0	4052.06	0.236415	0.946646	0.722845
52.5484	75	2869.82	971.532	1.00003	3995.04	0.252914	0.961531	0.718346
53.3432	76	2958.14	905.083	1.00003	4082.11	0.234281	0.94638	0.724661
54.138	77	2893.87	903.912	1.00003	4059.48	0.23801	0.935536	0.712869
54.9328	78	2893.28	857.513	0	4115.92	0.228622	0.911288	0.702947
55.7276	79	3026.07	904.139	0	3952.28	0.230048	0.994416	0.765652
56.5224	80	2875.01	829.812	1.00003	4069.72	0.223982	0.910337	0.706438
57.3172	81	2987.16	767.853	0	3992.32	0.204488	0.940557	0.748225
58.112	82	3134.34	681.084	0	4238.37	0.178508	0.90021	0.739515
58.9068	83	3251.01	591.625	1.00003	4524.02	0.153963	0.849386	0.718612
59.7016	84	3408.03	436.797	0	4669.31	0.113606	0.823425	0.729879
60.4964	85	3496.05	336.472	0	4722.85	0.0877939	0.811485	0.740242
61.2912	86	3655.47	223.545	0	4904.26	0.0576294	0.790948	0.745366
62.086	87	3636.22	156.757	1.00003	4917.96	0.0413282	0.771251	0.739376
62.8808	88	3718.3	126.51	0	4973.14	0.0329042	0.773116	0.747677
63.6756	89	3674.25	90.2591	0	4916.26	0.0239763	0.765727	0.747368
64.4705	90	3716.69	65.1293	0	5040.16	0.0172217	0.750337	0.737415
65.2653	91	3778.08	50.0795	0	5022.28	0.0130819	0.762237	0.752265
66.0601	92	3784.34	32.0313	0	4975.1	0.00839314	0.767093	0.760655
66.8549	93	3718.44	25.0191	1.00003	5048.31	0.00668341	0.741528	0.736572
67.6497	94	3673.02	24.0176	0	5017.58	0.00649645	0.736816	0.732029
68.4445	95	3659.74	36.0396	0	4820.26	0.00975156	0.766718	0.759241
69.2393	96	3661.22	19.0122	0	4985.28	0.00516603	0.73822	0.734407
70.0341	97	3803.09	22.0148	0	4951.15	0.00575533	0.77257	0.768124
70.8289	98	3823.6	22.0148	0	5012.6	0.00572465	0.767189	0.762798
71.6237	99	3907.55	17.0088	0	4823.65	0.00433395	0.813606	0.81008
72.4185	100	4101.81	22.0148	0	4713.28	0.00533844	0.874937	0.870266
73.2133	101	4608.21	20.0122	4.00049	4101.47	0.00432396	1.12843	1.12355
74.0081	102	5269.03	28.024	22.0148	3287.07	0.00529048	1.61148	1.60296
74.8029	103	5810.46	26.0207	62.1252	2574.02	0.00445828	2.26746	2.25735
75.5977	104	5995.77	35.0374	145.654	1747.12	0.00580974	3.45186	3.43181
76.3925	105	5959.12	21.0148	374.334	1136.36	0.00351409	5.26255	5.24406
77.1873	106	4934.67	25.0191	542.997	660.652	0.00504449	7.50726	7.46939
77.9821	107	3635.95	13.0052	713.483	342.81	0.00356407	10.6443	10.6063
78.7769	108	2473.64	19.011	818.55	199.242	0.00762682	12.5107	12.4153
79.5717	109	1594.32	6.0011	832.229	122.471	0.00374993	13.0669	13.0179
80.3665	110	946.672	8.00195	841.811	82.2109	0.00838187	11.6125	11.5152
81.1613	111	633.311	2.00012	873.171	63.1292	0.00314825	10.0637	10.032
81.9561	112	397.938	1.00003	887.506	44.0646	0.00250673	9.05348	9.03078
82.7509	113	279.403	1.00003	937.778	36.0396	0.00356641	7.7804	7.75266
83.5458	114	216.436	2.00012	907.913	27.0239	0.00915654	8.08308	8.00907
84.3406	115	164.86	3.00027	1039.93	21.0135	0.0178736	7.98822	7.84544
85.1354	116	136.568	1.00003	1057.67	15.0069	0.00726937	9.16698	9.10034
85.9302	117	133.575	2.00012	1066.67	20.0122	0.0147528	6.77464	6.6747
86.725	118	125.487	1.00003	1077.86	20.0122	0.00790619	6.32049	6.27052
87.5198	119	123.464	3.00027	1263.13	18.011	0.0237243	7.02151	6.85493
88.3146	120	125.487	0	1235.84	14.006	0	8.95952	8.95952
89.1094	121	132.535	0	1319.1	14.006	0	9.46271	9.46271
89.9042	122	102.319	0	1417.59	9.00302	0	11.3649	11.3649
90.699	123	111.378	0	1500.83	14.006	0	7.95215	7.95215
91.4938	124	120.449	2.00012	1497.44	6.0011	0.0163343	20.4044	20.0712
92.2886	125	101.331	0	1534.35	6.0011	0	16.8854	16.8854
93.0834	126	111.378	0	1595.42	10.0031	0	11.1344	11.1344
93.8782	127	111.391	1.00003	1565.87	8.00195	0.00889775	14.0455	13.9205
94.673	128	116.42	1.00003	1575.49	2.00037	0.00851671	58.6991	58.1992
95.4678	129	105.338	1.00003	1708.77	11.0037	0.00940427	9.66384	9.57296
96.2626	130	120.449	1.00003	1705.77	6.0011	0.00823416	20.2378	20.0712
97.0574	131	102.325	1.00003	1636.71	4.00049	0.00967848	25.8281	25.5782
97.8522	132	111.385	0	1640.03	1.00003	0	111.381	111.381
98.647	133	99.3003	1.00003	1675.37	3.00027	0.00997036	33.4304	33.0971
99.4418	134	107.351	0	1772.11	4.00049	0	26.8345	26.8345
100.237	135	122.456	1.00003	1789.85	2.00024	0.00810026	61.7207	61.2208
101.031	136	116.413	0	1772.46	4.00049	0	29.0996	29.0996
